structure(c(0, 0, 0.61, 0, 0, 0, 0, 0, 0, 0, 0, 0, 0, 0, 0, 0, 
0, 0, 0, 0, 0, 0, 0, 0, 0, 0, 0, 0, 0, 0, 0, 0, 0, 0, 0, 0, 0, 
0, 0, 0, 0, 0, 0, 0.61, 0, 0, 0, 0, 0, 0, 0, 0, 0, 0, 0, 0, 0, 
0, 0, 0, 0, 0, 0, 0, 0, 0, 0, 0, 0, 0, 0, 0, 0, 0, 0, 0, 0, 0, 
0, 0, 0, 0, 0, 0, 0, 0.62, 0, 0, 0, 0, 0, 0, 0, 0, 0, 0, 0, 0, 
0, 0, 0, 0, 0, 0, 0, 0, 0, 0, 0, 0, 0, 0, 0, 0, 0, 0, 0, 0, 0, 
0, 0, 0, 0, 0, 0, 0, 0, 0.62, 0, 0, 0, 0, 0, 0, 0, 0, 0, 0, 0, 
0, 0, 0, 0, 0, 0, 0, 0, 0, 0, 0, 0, 0, 0, 0, 0, 0, 0, 0, 0, 0, 
0, 0, 0, 0, 0, 0, 0, 0, 0, 0.63, 0, 0, 0, 0, 0, 0, 0, 0, 0, 0, 
0, 0, 0, 0, 0, 0, 0, 0, 0, 0, 0, 0, 0, 0, 0, 0, 0, 0, 0, 0, 0, 
0, 0, 0, 0, 0, 0, 0, 0, 0, 0, 0.64, 0, 0, 0, 0, 0, 0, 0, 0, 0, 
0, 0, 0, 0, 0, 0, 0, 0, 0, 0, 0, 0, 0, 0, 0, 0, 0, 0, 0, 0, 0, 
0, 0, 0, 0, 0, 0, 0, 0, 0, 0, 0.64, 0, 0, 0, 0, 0, 0, 0, 0, 0, 
0, 0, 0, 0, 0, 0, 0, 0, 0, 0, 0, 0, 0, 0, 0, 0, 0, 0, 0, 0, 0, 
0, 0, 0, 0, 0, 0, 0, 0, 0, 0, 0.64, 0, 0, 0, 0, 0, 0, 0, 0, 0, 
0, 0, 0, 0, 0, 0, 0, 0, 0, 0, 0, 0, 0, 0, 0, 0, 0, 0, 0, 0, 0, 
0, 0, 0, 0, 0, 0, 0, 0, 0, 0, 0.64, 0, 0, 0, 0, 0, 0, 0, 0, 0, 
0, 0, 0, 0, 0, 0, 0, 0, 0, 0, 0, 0, 0, 0, 0, 0, 0, 0, 0, 0, 0, 
0, 0, 0, 0, 0, 0, 0, 0, 0, 0, 0.64, 0, 0, 0, 0, 0, 0, 0, 0, 0, 
0, 0, 0, 0, 0, 0, 0, 0, 0, 0, 0, 0, 0, 0, 0, 0, 0, 0, 0, 0, 0, 
0, 0, 0, 0, 0, 0, 0, 0, 0, 0, 0.64, 0, 0, 0, 0, 0, 0, 0, 0, 0, 
0, 0, 0, 0, 0, 0, 0, 0, 0, 0, 0, 0, 0, 0, 0, 0, 0, 0, 0, 0, 0, 
0, 0, 0, 0, 0, 0, 0, 0, 0, 0, 0.64, 0, 0, 0, 0, 0, 0, 0, 0, 0, 
0, 0, 0, 0, 0, 0, 0, 0, 0, 0, 0, 0, 0, 0, 0, 0, 0, 0, 0, 0, 0, 
0, 0, 0, 0, 0, 0, 0, 0, 0, 0, 0, 0.65, 0, 0, 0, 0, 0, 0, 0, 0, 
0, 0, 0, 0, 0, 0, 0, 0, 0, 0, 0, 0, 0, 0, 0, 0, 0, 0, 0, 0, 0, 
0, 0, 0, 0, 0, 0, 0, 0, 0, 0, 0, 0, 0.65, 0, 0, 0, 0, 0, 0, 0, 
0, 0, 0, 0, 0, 0, 0, 0, 0, 0, 0, 0, 0, 0, 0, 0, 0, 0, 0, 0, 0, 
0, 0, 0, 0, 0, 0, 0, 0, 0, 0, 0, 0, 0.65, 0, 0, 0, 0, 0, 0, 0, 
0, 0, 0, 0, 0, 0, 0, 0, 0, 0, 0, 0, 0, 0, 0, 0, 0, 0, 0, 0, 0, 
0, 0, 0, 0, 0, 0, 0, 0, 0, 0, 0, 0, 0, 0.66, 0, 0, 0, 0, 0, 0, 
0, 0, 0, 0, 0, 0, 0, 0, 0, 0, 0, 0, 0, 0, 0, 0, 0, 0, 0, 0, 0, 
0, 0, 0, 0, 0, 0, 0, 0, 0, 0, 0, 0, 0, 0, 0.67, 0, 0, 0, 0, 0, 
0, 0, 0, 0, 0, 0, 0, 0, 0, 0, 0, 0, 0, 0, 0, 0, 0, 0, 0, 0, 0, 
0, 0, 0, 0, 0, 0, 0, 0, 0, 0, 0, 0, 0, 0, 0.67, 0, 0, 0, 0, 0, 
0, 0, 0, 0, 0, 0, 0, 0, 0, 0, 0, 0, 0, 0, 0, 0, 0, 0, 0, 0, 0, 
0, 0, 0, 0, 0, 0, 0, 0, 0, 0, 0, 0, 0, 0, 0, 0.67, 0, 0, 0, 0, 
0, 0, 0, 0, 0, 0, 0, 0, 0, 0, 0, 0, 0, 0, 0, 0, 0, 0, 0, 0, 0, 
0, 0, 0, 0, 0, 0, 0, 0, 0, 0, 0, 0, 0, 0, 0, 0, 0.68, 0, 0, 0, 
0, 0, 0, 0, 0, 0, 0, 0, 0, 0, 0, 0, 0, 0, 0, 0, 0, 0, 0, 0, 0, 
0, 0, 0, 0, 0, 0, 0, 0, 0, 0, 0, 0, 0, 0, 0, 0, 0.68, 0, 0, 0, 
0, 0, 0, 0, 0, 0, 0, 0, 0, 0, 0, 0, 0, 0, 0, 0, 0, 0, 0, 0, 0, 
0, 0, 0, 0, 0, 0, 0, 0, 0, 0, 0, 0, 0, 0, 0, 0, 0, 0.69, 0, 0, 
0, 0, 0, 0, 0, 0, 0, 0, 0, 0, 0, 0, 0, 0, 0, 0, 0, 0, 0, 0, 0, 
0, 0, 0, 0, 0, 0, 0, 0, 0, 0, 0, 0, 0, 0, 0, 0, 0, 0.69, 0, 0, 
0, 0, 0, 0, 0, 0, 0, 0, 0, 0, 0, 0, 0, 0, 0, 0, 0, 0, 0, 0, 0, 
0, 0, 0, 0, 0, 0, 0, 0, 0, 0, 0, 0, 0, 0, 0, 0, 0, 0.69, 0, 0, 
0, 0, 0, 0, 0, 0, 0, 0, 0, 0, 0, 0, 0, 0, 0, 0, 0, 0, 0, 0, 0, 
0, 0, 0, 0, 0, 0, 0, 0, 0, 0, 0, 0, 0, 0, 0, 0, 0, 0, 0.7, 0, 
0, 0, 0, 0, 0, 0, 0, 0, 0, 0, 0, 0, 0, 0, 0, 0, 0, 0, 0, 0, 0, 
0, 0, 0, 0, 0, 0, 0, 0, 0, 0, 0, 0, 0, 0, 0, 0, 0, 0, 0.7, 0, 
0, 0, 0, 0, 0, 0, 0, 0, 0, 0, 0, 0, 0, 0, 0, 0, 0, 0, 0, 0, 0, 
0, 0, 0, 0, 0, 0, 0, 0, 0, 0, 0, 0, 0, 0, 0, 0, 0, 0, 0.7, 0, 
0, 0, 0, 0, 0, 0, 0, 0, 0, 0, 0, 0, 0, 0, 0, 0, 0, 0, 0, 0, 0, 
0, 0, 0, 0, 0, 0, 0, 0, 0, 0, 0, 0, 0, 0, 0, 0, 0, 0, 0.7, 0, 
0, 0, 0, 0, 0, 0, 0, 0, 0, 0, 0, 0, 0, 0, 0, 0, 0, 0, 0, 0, 0, 
0, 0, 0, 0, 0, 0, 0, 0, 0, 0, 0, 0, 0, 0, 0, 0, 0, 0, 0, 0.71, 
0, 0, 0, 0, 0, 0, 0, 0, 0, 0, 0, 0, 0, 0, 0, 0, 0, 0, 0, 0, 0, 
0, 0, 0, 0, 0, 0, 0, 0, 0, 0, 0, 0, 0, 0, 0, 0, 0, 0, 0, 0, 0.71, 
0, 0, 0, 0, 0, 0, 0, 0, 0, 0, 0, 0, 0, 0, 0, 0, 0, 0, 0, 0, 0, 
0, 0, 0, 0, 0, 0, 0, 0, 0, 0, 0, 0, 0, 0, 0, 0, 0, 0, 0, 0, 0.72, 
0, 0, 0, 0, 0, 0, 0, 0, 0, 0, 0, 0, 0, 0, 0, 0, 0, 0, 0, 0, 0, 
0, 0, 0, 0, 0, 0, 0, 0, 0, 0, 0, 0, 0, 0, 0, 0, 0, 0, 0, 0.72, 
0, 0, 0, 0, 0, 0, 0, 0, 0, 0, 0, 0, 0, 0, 0, 0, 0, 0, 0, 0, 0, 
0, 0, 0, 0, 0, 0, 0, 0, 0, 0, 0, 0, 0, 0, 0, 0, 0, 0, 0, 0.72, 
0, 0, 0, 0, 0, 0, 0, 0, 0, 0, 0, 0, 0, 0, 0, 0, 0, 0, 0, 0, 0, 
0, 0, 0, 0, 0, 0, 0, 0, 0, 0, 0, 0, 0, 0, 0, 0, 0, 0, 0, 0.72, 
0, 0, 0, 0, 0, 0, 0, 0, 0, 0, 0, 0, 0, 0, 0, 0, 0, 0, 0, 0, 0, 
0, 0, 0, 0, 0, 0, 0, 0, 0, 0, 0, 0, 0, 0, 0, 0, 0, 0, 0, 0.72, 
0, 0, 0, 0, 0, 0, 0, 0, 0, 0, 0, 0, 0, 0, 0, 0, 0, 0, 0, 0, 0, 
0, 0, 0, 0, 0, 0, 0, 0, 0, 0, 0, 0, 0, 0, 0, 0, 0, 0, 0, 0, 0.73, 
0, 0, 0, 0, 0, 0, 0, 0, 0, 0, 0, 0, 0, 0, 0, 0, 0, 0, 0, 0, 0, 
0, 0, 0, 0, 0, 0, 0, 0, 0, 0, 0, 0, 0, 0, 0, 0, 0, 0, 0, 0, 0.74, 
0, 0, 0, 0, 0, 0, 0, 0, 0, 0, 0, 0, 0, 0, 0, 0, 0, 0, 0, 0, 0, 
0, 0, 0, 0, 0, 0, 0, 0, 0, 0, 0, 0, 0, 0, 0, 0, 0, 0, 0, 0.74, 
0, 0, 0, 0, 0, 0, 0, 0, 0, 0, 0, 0, 0, 0, 0, 0, 0, 0, 0, 0, 0, 
0, 0, 0, 0, 0, 0, 0, 0, 0, 0, 0, 0, 0, 0, 0, 0, 0, 0, 0, 0.58, 
0.16, 0, 0, 0, 0, 0, 0, 0, 0, 0, 0, 0, 0, 0, 0, 0, 0, 0, 0, 0, 
0, 0, 0, 0, 0, 0, 0, 0, 0, 0, 0, 0, 0, 0, 0, 0, 0, 0, 0, 0, 0.58, 
0.16, 0, 0, 0, 0, 0, 0, 0, 0, 0, 0, 0, 0, 0, 0, 0, 0, 0, 0, 0, 
0, 0, 0, 0, 0, 0, 0, 0, 0, 0, 0, 0, 0, 0, 0, 0, 0, 0, 0, 0, 0.58, 
0.16, 0, 0, 0, 0, 0, 0, 0, 0, 0, 0, 0, 0, 0, 0, 0, 0, 0, 0, 0, 
0, 0, 0, 0, 0, 0, 0, 0, 0, 0, 0, 0, 0, 0, 0, 0, 0, 0, 0, 0, 0.58, 
0.16, 0, 0, 0, 0, 0, 0, 0, 0, 0, 0, 0, 0, 0, 0, 0, 0, 0, 0, 0, 
0, 0, 0, 0, 0, 0, 0, 0, 0, 0, 0, 0, 0, 0, 0, 0, 0, 0, 0, 0.08, 
0.42, 0.24, 0, 0, 0, 0, 0, 0, 0, 0, 0, 0, 0, 0, 0, 0, 0, 0, 0, 
0, 0, 0, 0, 0, 0, 0, 0, 0, 0, 0, 0, 0, 0, 0, 0, 0, 0, 0, 0, 0, 
0.08, 0.42, 0.24, 0, 0, 0, 0, 0, 0, 0, 0, 0, 0, 0, 0, 0, 0, 0, 
0, 0, 0, 0, 0, 0, 0, 0, 0, 0, 0, 0, 0, 0, 0, 0, 0, 0, 0, 0, 0, 
0, 0, 0.12, 0.4, 0.14, 0.08, 0, 0, 0, 0, 0, 0, 0, 0, 0, 0, 0, 
0, 0, 0, 0, 0, 0, 0, 0, 0, 0, 0, 0, 0, 0, 0, 0, 0, 0, 0, 0, 0, 
0, 0, 0, 0, 0, 0.12, 0.4, 0.14, 0.08, 0, 0, 0, 0, 0, 0, 0, 0, 
0, 0, 0, 0, 0, 0, 0, 0, 0, 0, 0, 0, 0, 0, 0, 0, 0, 0, 0, 0, 0, 
0, 0, 0, 0, 0, 0, 0, 0, 0.12, 0.4, 0.14, 0.08, 0, 0, 0, 0, 0, 
0, 0, 0, 0, 0, 0, 0, 0, 0, 0, 0, 0, 0, 0, 0, 0, 0, 0, 0, 0, 0, 
0, 0, 0, 0, 0, 0, 0, 0, 0, 0, 0, 0.12, 0.4, 0.14, 0.08, 0, 0, 
0, 0, 0, 0, 0, 0, 0, 0, 0, 0, 0, 0, 0, 0, 0, 0, 0, 0, 0, 0, 0, 
0, 0, 0, 0, 0, 0, 0, 0, 0, 0, 0, 0, 0, 0, 0.12, 0.4, 0.14, 0.08, 
0, 0, 0, 0, 0, 0, 0, 0, 0, 0, 0, 0, 0, 0, 0, 0, 0, 0, 0, 0, 0, 
0, 0, 0, 0, 0, 0, 0, 0, 0, 0, 0, 0, 0, 0, 0, 0, 0.12, 0.4, 0.14, 
0.08, 0, 0, 0, 0, 0, 0, 0, 0, 0, 0, 0, 0, 0, 0, 0, 0, 0, 0, 0, 
0, 0, 0, 0, 0, 0, 0, 0, 0, 0, 0, 0, 0, 0, 0, 0, 0, 0, 0.12, 0.4, 
0.14, 0.08, 0, 0, 0, 0, 0, 0, 0, 0, 0, 0, 0, 0, 0, 0, 0, 0, 0, 
0, 0, 0, 0, 0, 0, 0, 0, 0, 0, 0, 0, 0, 0, 0, 0, 0, 0, 0, 0, 0.12, 
0.4, 0.14, 0.08, 0, 0, 0, 0, 0, 0, 0, 0, 0, 0, 0, 0, 0, 0, 0, 
0, 0, 0, 0, 0, 0, 0, 0, 0, 0, 0, 0, 0, 0, 0, 0, 0, 0, 0, 0, 0, 
0, 0.12, 0.4, 0.14, 0.08, 0, 0, 0, 0, 0, 0, 0, 0, 0, 0, 0, 0, 
0, 0, 0, 0, 0, 0, 0, 0, 0, 0, 0, 0, 0, 0, 0, 0, 0, 0, 0, 0, 0, 
0, 0, 0, 0, 0.12, 0.4, 0.14, 0.08, 0, 0, 0, 0, 0, 0, 0, 0, 0, 
0, 0, 0, 0, 0, 0, 0, 0, 0, 0, 0, 0, 0, 0, 0, 0, 0, 0, 0, 0, 0, 
0, 0, 0, 0, 0, 0, 0, 0.12, 0.4, 0.14, 0.08, 0, 0, 0, 0, 0, 0, 
0, 0, 0, 0, 0, 0, 0, 0, 0, 0, 0, 0, 0, 0, 0, 0, 0, 0, 0, 0, 0, 
0, 0, 0, 0, 0, 0, 0, 0, 0, 0.09, 0.07, 0.31, 0.15, 0.12, 0, 0, 
0, 0, 0, 0, 0, 0, 0, 0, 0, 0, 0, 0, 0, 0, 0, 0, 0, 0, 0, 0, 0, 
0, 0, 0, 0, 0, 0, 0, 0, 0, 0, 0, 0, 0, 0.09, 0.07, 0.31, 0.15, 
0.12, 0, 0, 0, 0, 0, 0, 0, 0, 0, 0, 0, 0, 0, 0, 0, 0, 0, 0, 0, 
0, 0, 0, 0, 0, 0, 0, 0, 0, 0, 0, 0, 0, 0, 0, 0, 0.07, 0.04, 0.04, 
0.25, 0.16, 0.17, 0, 0, 0, 0, 0, 0, 0, 0, 0, 0, 0, 0, 0, 0, 0, 
0, 0, 0, 0, 0, 0, 0, 0, 0, 0, 0, 0, 0, 0, 0, 0, 0, 0, 0, 0, 0.07, 
0.04, 0.04, 0.25, 0.16, 0.17, 0, 0, 0, 0, 0, 0, 0, 0, 0, 0, 0, 
0, 0, 0, 0, 0, 0, 0, 0, 0, 0, 0, 0, 0, 0, 0, 0, 0, 0, 0, 0, 0, 
0, 0, 0, 0.11, 0.05, 0.04, 0.22, 0.11, 0.1, 0.11, 0, 0, 0, 0, 
0, 0, 0, 0, 0, 0, 0, 0, 0, 0, 0, 0, 0, 0, 0, 0, 0, 0, 0, 0, 0, 
0, 0, 0, 0, 0, 0, 0, 0, 0, 0.11, 0.05, 0.04, 0.22, 0.11, 0.1, 
0.11, 0, 0, 0, 0, 0, 0, 0, 0, 0, 0, 0, 0, 0, 0, 0, 0, 0, 0, 0, 
0, 0, 0, 0, 0, 0, 0, 0, 0, 0, 0, 0, 0, 0, 0, 0.11, 0.05, 0.04, 
0.22, 0.11, 0.1, 0.11, 0, 0, 0, 0, 0, 0, 0, 0, 0, 0, 0, 0, 0, 
0, 0, 0, 0, 0, 0, 0, 0, 0, 0, 0, 0, 0, 0, 0, 0, 0, 0, 0, 0, 0, 
0.11, 0.05, 0.04, 0.22, 0.11, 0.1, 0.11, 0, 0, 0, 0, 0, 0, 0, 
0, 0, 0, 0, 0, 0, 0, 0, 0, 0, 0, 0, 0, 0, 0, 0, 0, 0, 0, 0, 0, 
0, 0, 0, 0, 0, 0, 0.11, 0.05, 0.04, 0.22, 0.11, 0.1, 0.11, 0, 
0, 0, 0, 0, 0, 0, 0, 0, 0, 0, 0, 0, 0, 0, 0, 0, 0, 0, 0, 0, 0, 
0, 0, 0, 0, 0, 0, 0, 0, 0, 0, 0, 0, 0.11, 0.05, 0.04, 0.22, 0.11, 
0.1, 0.11, 0, 0, 0, 0, 0, 0, 0, 0, 0, 0, 0, 0, 0, 0, 0, 0, 0, 
0, 0, 0, 0, 0, 0, 0, 0, 0, 0, 0, 0, 0, 0, 0, 0, 0, 0.11, 0.05, 
0.04, 0.22, 0.11, 0.1, 0.11, 0, 0, 0, 0, 0, 0, 0, 0, 0, 0, 0, 
0, 0, 0, 0, 0, 0, 0, 0, 0, 0, 0, 0, 0, 0, 0, 0, 0, 0, 0, 0, 0, 
0, 0, 0.11, 0.05, 0.04, 0.22, 0.11, 0.1, 0.11, 0, 0, 0, 0, 0, 
0, 0, 0, 0, 0, 0, 0, 0, 0, 0, 0, 0, 0, 0, 0, 0, 0, 0, 0, 0, 0, 
0, 0, 0, 0, 0, 0, 0, 0.09, 0.05, 0.03, 0.03, 0.18, 0.11, 0.11, 
0.15, 0, 0, 0, 0, 0, 0, 0, 0, 0, 0, 0, 0, 0, 0, 0, 0, 0, 0, 0, 
0, 0, 0, 0, 0, 0, 0, 0, 0, 0, 0, 0, 0, 0.09, 0.04, 0.03, 0.02, 
0.02, 0.15, 0.1, 0.12, 0.19, 0, 0, 0, 0, 0, 0, 0, 0, 0, 0, 0, 
0, 0, 0, 0, 0, 0, 0, 0, 0, 0, 0, 0, 0, 0, 0, 0, 0, 0, 0, 0, 0, 
0.11, 0.05, 0.03, 0.02, 0.02, 0.12, 0.07, 0.08, 0.12, 0.12, 0, 
0, 0, 0, 0, 0, 0, 0, 0, 0, 0, 0, 0, 0, 0, 0, 0, 0, 0, 0, 0, 0, 
0, 0, 0, 0, 0, 0, 0, 0, 0, 0.11, 0.05, 0.03, 0.02, 0.02, 0.12, 
0.07, 0.08, 0.12, 0.12, 0, 0, 0, 0, 0, 0, 0, 0, 0, 0, 0, 0, 0, 
0, 0, 0, 0, 0, 0, 0, 0, 0, 0, 0, 0, 0, 0, 0, 0, 0, 0, 0.11, 0.05, 
0.03, 0.02, 0.02, 0.12, 0.07, 0.08, 0.12, 0.12, 0, 0, 0, 0, 0, 
0, 0, 0, 0, 0, 0, 0, 0, 0, 0, 0, 0, 0, 0, 0, 0, 0, 0, 0, 0, 0, 
0, 0, 0, 0, 0, 0.11, 0.05, 0.03, 0.02, 0.02, 0.12, 0.07, 0.08, 
0.12, 0.12, 0, 0, 0, 0, 0, 0, 0, 0, 0, 0, 0, 0, 0, 0, 0, 0, 0, 
0, 0, 0, 0, 0, 0, 0, 0, 0, 0, 0, 0, 0, 0, 0.11, 0.05, 0.03, 0.02, 
0.02, 0.12, 0.07, 0.08, 0.12, 0.12, 0, 0, 0, 0, 0, 0, 0, 0, 0, 
0, 0, 0, 0, 0, 0, 0, 0, 0, 0, 0, 0, 0, 0, 0, 0, 0, 0, 0, 0, 0, 
0, 0.11, 0.05, 0.03, 0.02, 0.02, 0.12, 0.07, 0.08, 0.12, 0.12, 
0, 0, 0, 0, 0, 0, 0, 0, 0, 0, 0, 0, 0, 0, 0, 0, 0, 0, 0, 0, 0, 
0, 0, 0, 0, 0, 0, 0, 0, 0, 0, 0.11, 0.05, 0.03, 0.02, 0.02, 0.12, 
0.07, 0.08, 0.12, 0.12, 0, 0, 0, 0, 0, 0, 0, 0, 0, 0, 0, 0, 0, 
0, 0, 0, 0, 0, 0, 0, 0, 0, 0, 0, 0, 0, 0, 0, 0, 0, 0, 0.11, 0.05, 
0.03, 0.02, 0.02, 0.12, 0.07, 0.08, 0.12, 0.12, 0, 0, 0, 0, 0, 
0, 0, 0, 0, 0, 0, 0, 0, 0, 0, 0, 0, 0, 0, 0, 0, 0, 0, 0, 0, 0, 
0, 0, 0, 0, 0, 0.11, 0.05, 0.03, 0.02, 0.02, 0.12, 0.07, 0.08, 
0.12, 0.12, 0, 0, 0, 0, 0, 0, 0, 0, 0, 0, 0, 0, 0, 0, 0, 0, 0, 
0, 0, 0, 0, 0, 0, 0, 0, 0, 0, 0, 0, 0, 0, 0.11, 0.05, 0.03, 0.02, 
0.02, 0.12, 0.07, 0.08, 0.12, 0.12, 0, 0, 0, 0, 0, 0, 0, 0, 0, 
0, 0, 0, 0, 0, 0, 0, 0, 0, 0, 0, 0, 0, 0, 0, 0, 0, 0, 0, 0, 0, 
0, 0.11, 0.05, 0.03, 0.02, 0.02, 0.12, 0.07, 0.08, 0.12, 0.12, 
0, 0, 0, 0, 0, 0, 0, 0, 0, 0, 0, 0, 0, 0, 0, 0, 0, 0, 0, 0, 0, 
0, 0, 0, 0, 0, 0, 0, 0, 0, 0, 0.11, 0.05, 0.03, 0.02, 0.02, 0.12, 
0.07, 0.08, 0.12, 0.12, 0, 0, 0, 0, 0, 0, 0, 0, 0, 0, 0, 0, 0, 
0, 0, 0, 0, 0, 0, 0, 0, 0, 0, 0, 0, 0, 0, 0, 0, 0, 0, 0.11, 0.05, 
0.03, 0.02, 0.02, 0.12, 0.07, 0.08, 0.12, 0.12, 0, 0, 0, 0, 0, 
0, 0, 0, 0, 0, 0, 0, 0, 0, 0, 0, 0, 0, 0, 0, 0, 0, 0, 0, 0, 0, 
0, 0, 0, 0, 0, 0.11, 0.05, 0.03, 0.02, 0.02, 0.12, 0.07, 0.08, 
0.12, 0.12, 0, 0, 0, 0, 0, 0, 0, 0, 0, 0, 0, 0, 0, 0, 0, 0, 0, 
0, 0, 0, 0, 0, 0, 0, 0, 0, 0, 0, 0, 0, 0, 0.11, 0.05, 0.03, 0.02, 
0.02, 0.12, 0.07, 0.08, 0.12, 0.12, 0, 0, 0, 0, 0, 0, 0, 0, 0, 
0, 0, 0, 0, 0, 0, 0, 0, 0, 0, 0, 0, 0, 0, 0, 0, 0, 0, 0, 0, 0, 
0, 0.11, 0.05, 0.03, 0.02, 0.02, 0.12, 0.07, 0.08, 0.12, 0.12, 
0, 0, 0, 0, 0, 0, 0, 0, 0, 0, 0, 0, 0, 0, 0, 0, 0, 0, 0, 0, 0, 
0, 0, 0, 0, 0, 0, 0, 0, 0, 0, 0.11, 0.05, 0.03, 0.02, 0.02, 0.12, 
0.07, 0.08, 0.12, 0.12, 0, 0, 0, 0, 0, 0, 0, 0, 0, 0, 0, 0, 0, 
0, 0, 0, 0, 0, 0, 0, 0, 0, 0, 0, 0, 0, 0, 0, 0, 0, 0, 0.11, 0.05, 
0.03, 0.02, 0.02, 0.12, 0.07, 0.08, 0.12, 0.12, 0, 0, 0, 0, 0, 
0, 0, 0, 0, 0, 0, 0, 0, 0, 0, 0, 0, 0, 0, 0, 0, 0, 0, 0, 0, 0, 
0, 0, 0, 0, 0, 0.11, 0.05, 0.03, 0.02, 0.02, 0.12, 0.07, 0.08, 
0.12, 0.12, 0, 0, 0, 0, 0, 0, 0, 0, 0, 0, 0, 0, 0, 0, 0, 0, 0, 
0, 0, 0, 0, 0, 0, 0, 0, 0, 0, 0, 0, 0, 0, 0.14, 0.06, 0.03, 0.02, 
0.02, 0.1, 0.05, 0.06, 0.08, 0.07, 0.12, 0, 0, 0, 0, 0, 0, 0, 
0, 0, 0, 0, 0, 0, 0, 0, 0, 0, 0, 0, 0, 0, 0, 0, 0, 0, 0, 0, 0, 
0, 0, 0.17, 0.07, 0.03, 0.02, 0.02, 0.08, 0.04, 0.04, 0.05, 0.04, 
0.07, 0.11, 0, 0, 0, 0, 0, 0, 0, 0, 0, 0, 0, 0, 0, 0, 0, 0, 0, 
0, 0, 0, 0, 0, 0, 0, 0, 0, 0, 0, 0, 0.17, 0.07, 0.03, 0.02, 0.02, 
0.08, 0.04, 0.04, 0.05, 0.04, 0.07, 0.11, 0, 0, 0, 0, 0, 0, 0, 
0, 0, 0, 0, 0, 0, 0, 0, 0, 0, 0, 0, 0, 0, 0, 0, 0, 0, 0, 0, 0, 
0, 0.17, 0.07, 0.03, 0.02, 0.02, 0.08, 0.04, 0.04, 0.05, 0.04, 
0.07, 0.11, 0, 0, 0, 0, 0, 0, 0, 0, 0, 0, 0, 0, 0, 0, 0, 0, 0, 
0, 0, 0, 0, 0, 0, 0, 0, 0, 0, 0, 0, 0.17, 0.07, 0.03, 0.02, 0.02, 
0.08, 0.04, 0.04, 0.05, 0.04, 0.07, 0.11, 0, 0, 0, 0, 0, 0, 0, 
0, 0, 0, 0, 0, 0, 0, 0, 0, 0, 0, 0, 0, 0, 0, 0, 0, 0, 0, 0, 0, 
0, 0.17, 0.07, 0.03, 0.02, 0.02, 0.08, 0.04, 0.04, 0.05, 0.04, 
0.07, 0.11, 0, 0, 0, 0, 0, 0, 0, 0, 0, 0, 0, 0, 0, 0, 0, 0, 0, 
0, 0, 0, 0, 0, 0, 0, 0, 0, 0, 0, 0, 0.17, 0.07, 0.03, 0.02, 0.02, 
0.08, 0.04, 0.04, 0.05, 0.04, 0.07, 0.11, 0, 0, 0, 0, 0, 0, 0, 
0, 0, 0, 0, 0, 0, 0, 0, 0, 0, 0, 0, 0, 0, 0, 0, 0, 0, 0, 0, 0, 
0, 0.17, 0.07, 0.03, 0.02, 0.02, 0.08, 0.04, 0.04, 0.05, 0.04, 
0.07, 0.11, 0, 0, 0, 0, 0, 0, 0, 0, 0, 0, 0, 0, 0, 0, 0, 0, 0, 
0, 0, 0, 0, 0, 0, 0, 0, 0, 0, 0, 0, 0.17, 0.07, 0.03, 0.02, 0.02, 
0.08, 0.04, 0.04, 0.05, 0.04, 0.07, 0.11, 0, 0, 0, 0, 0, 0, 0, 
0, 0, 0, 0, 0, 0, 0, 0, 0, 0, 0, 0, 0, 0, 0, 0, 0, 0, 0, 0, 0, 
0, 0.17, 0.07, 0.03, 0.02, 0.02, 0.08, 0.04, 0.04, 0.05, 0.04, 
0.07, 0.11, 0, 0, 0, 0, 0, 0, 0, 0, 0, 0, 0, 0, 0, 0, 0, 0, 0, 
0, 0, 0, 0, 0, 0, 0, 0, 0, 0, 0, 0, 0.17, 0.07, 0.03, 0.02, 0.02, 
0.08, 0.04, 0.04, 0.05, 0.04, 0.07, 0.11, 0, 0, 0, 0, 0, 0, 0, 
0, 0, 0, 0, 0, 0, 0, 0, 0, 0, 0, 0, 0, 0, 0, 0, 0, 0, 0, 0, 0, 
0, 0.17, 0.07, 0.03, 0.02, 0.02, 0.08, 0.04, 0.04, 0.05, 0.04, 
0.07, 0.11, 0, 0, 0, 0, 0, 0, 0, 0, 0, 0, 0, 0, 0, 0, 0, 0, 0, 
0, 0, 0, 0, 0, 0, 0, 0, 0, 0, 0, 0, 0.17, 0.07, 0.03, 0.02, 0.02, 
0.08, 0.04, 0.04, 0.05, 0.04, 0.07, 0.11, 0, 0, 0, 0, 0, 0, 0, 
0, 0, 0, 0, 0, 0, 0, 0, 0, 0, 0, 0, 0, 0, 0, 0, 0, 0, 0, 0, 0, 
0, 0.17, 0.07, 0.03, 0.02, 0.02, 0.08, 0.04, 0.04, 0.05, 0.04, 
0.07, 0.11, 0, 0, 0, 0, 0, 0, 0, 0, 0, 0, 0, 0, 0, 0, 0, 0, 0, 
0, 0, 0, 0, 0, 0, 0, 0, 0, 0, 0, 0.12, 0.1, 0.04, 0.02, 0.01, 
0.02, 0.07, 0.03, 0.04, 0.05, 0.04, 0.08, 0.14, 0, 0, 0, 0, 0, 
0, 0, 0, 0, 0, 0, 0, 0, 0, 0, 0, 0, 0, 0, 0, 0, 0, 0, 0, 0, 0, 
0, 0, 0.12, 0.1, 0.04, 0.02, 0.01, 0.02, 0.07, 0.03, 0.04, 0.05, 
0.04, 0.08, 0.14, 0, 0, 0, 0, 0, 0, 0, 0, 0, 0, 0, 0, 0, 0, 0, 
0, 0, 0, 0, 0, 0, 0, 0, 0, 0, 0, 0, 0, 0.12, 0.1, 0.04, 0.02, 
0.01, 0.02, 0.07, 0.03, 0.04, 0.05, 0.04, 0.08, 0.14, 0, 0, 0, 
0, 0, 0, 0, 0, 0, 0, 0, 0, 0, 0, 0, 0, 0, 0, 0, 0, 0, 0, 0, 0, 
0, 0, 0, 0, 0.12, 0.1, 0.04, 0.02, 0.01, 0.02, 0.07, 0.03, 0.04, 
0.05, 0.04, 0.08, 0.14, 0, 0, 0, 0, 0, 0, 0, 0, 0, 0, 0, 0, 0, 
0, 0, 0, 0, 0, 0, 0, 0, 0, 0, 0, 0, 0, 0, 0, 0.12, 0.1, 0.04, 
0.02, 0.01, 0.02, 0.07, 0.03, 0.04, 0.05, 0.04, 0.08, 0.14, 0, 
0, 0, 0, 0, 0, 0, 0, 0, 0, 0, 0, 0, 0, 0, 0, 0, 0, 0, 0, 0, 0, 
0, 0, 0, 0, 0, 0, 0.12, 0.1, 0.04, 0.02, 0.01, 0.02, 0.07, 0.03, 
0.04, 0.05, 0.04, 0.08, 0.14, 0, 0, 0, 0, 0, 0, 0, 0, 0, 0, 0, 
0, 0, 0, 0, 0, 0, 0, 0, 0, 0, 0, 0, 0, 0, 0, 0, 0, 0.12, 0.1, 
0.04, 0.02, 0.01, 0.02, 0.07, 0.03, 0.04, 0.05, 0.04, 0.08, 0.14, 
0, 0, 0, 0, 0, 0, 0, 0, 0, 0, 0, 0, 0, 0, 0, 0, 0, 0, 0, 0, 0, 
0, 0, 0, 0, 0, 0, 0, 0.12, 0.1, 0.04, 0.02, 0.01, 0.02, 0.07, 
0.03, 0.04, 0.05, 0.04, 0.08, 0.14, 0, 0, 0, 0, 0, 0, 0, 0, 0, 
0, 0, 0, 0, 0, 0, 0, 0, 0, 0, 0, 0, 0, 0, 0, 0, 0, 0, 0, 0.12, 
0.1, 0.04, 0.02, 0.01, 0.02, 0.07, 0.03, 0.04, 0.05, 0.04, 0.08, 
0.14, 0, 0, 0, 0, 0, 0, 0, 0, 0, 0, 0, 0, 0, 0, 0, 0, 0, 0, 0, 
0, 0, 0, 0, 0, 0, 0, 0, 0, 0.12, 0.1, 0.04, 0.02, 0.01, 0.02, 
0.07, 0.03, 0.04, 0.05, 0.04, 0.08, 0.14, 0, 0, 0, 0, 0, 0, 0, 
0, 0, 0, 0, 0, 0, 0, 0, 0, 0, 0, 0, 0, 0, 0, 0, 0, 0, 0, 0, 0.11, 
0.06, 0.06, 0.03, 0.01, 0.01, 0.01, 0.05, 0.03, 0.04, 0.05, 0.04, 
0.09, 0.16, 0, 0, 0, 0, 0, 0, 0, 0, 0, 0, 0, 0, 0, 0, 0, 0, 0, 
0, 0, 0, 0, 0, 0, 0, 0, 0, 0.11, 0, 0.06, 0.06, 0.03, 0.01, 0.01, 
0.01, 0.05, 0.03, 0.04, 0.05, 0.04, 0.09, 0.16, 0, 0, 0, 0, 0, 
0, 0, 0, 0, 0, 0, 0, 0, 0, 0, 0, 0, 0, 0, 0, 0, 0, 0, 0, 0, 0, 
0.11, 0, 0.06, 0.06, 0.03, 0.01, 0.01, 0.01, 0.05, 0.03, 0.04, 
0.05, 0.04, 0.09, 0.16, 0, 0, 0, 0, 0, 0, 0, 0, 0, 0, 0, 0, 0, 
0, 0, 0, 0, 0, 0, 0, 0, 0, 0, 0, 0, 0, 0.11, 0, 0.06, 0.06, 0.03, 
0.01, 0.01, 0.01, 0.05, 0.03, 0.04, 0.05, 0.04, 0.09, 0.16, 0, 
0, 0, 0, 0, 0, 0, 0, 0, 0, 0, 0, 0, 0, 0, 0, 0, 0, 0, 0, 0, 0, 
0, 0, 0, 0, 0, 0.13, 0.07, 0.06, 0.03, 0.01, 0.01, 0.01, 0.04, 
0.02, 0.03, 0.03, 0.03, 0.06, 0.09, 0.12, 0, 0, 0, 0, 0, 0, 0, 
0, 0, 0, 0, 0, 0, 0, 0, 0, 0, 0, 0, 0, 0, 0, 0, 0, 0, 0.13, 0, 
0.07, 0.06, 0.03, 0.01, 0.01, 0.01, 0.04, 0.02, 0.03, 0.03, 0.03, 
0.06, 0.09, 0.12, 0, 0, 0, 0, 0, 0, 0, 0, 0, 0, 0, 0, 0, 0, 0, 
0, 0, 0, 0, 0, 0, 0, 0, 0, 0, 0.13, 0, 0.07, 0.06, 0.03, 0.01, 
0.01, 0.01, 0.04, 0.02, 0.03, 0.03, 0.03, 0.06, 0.09, 0.12, 0, 
0, 0, 0, 0, 0, 0, 0, 0, 0, 0, 0, 0, 0, 0, 0, 0, 0, 0, 0, 0, 0, 
0, 0, 0, 0.13, 0, 0.07, 0.06, 0.03, 0.01, 0.01, 0.01, 0.04, 0.02, 
0.03, 0.03, 0.03, 0.06, 0.09, 0.12, 0, 0, 0, 0, 0, 0, 0, 0, 0, 
0, 0, 0, 0, 0, 0, 0, 0, 0, 0, 0, 0, 0, 0, 0, 0, 0.13, 0, 0.07, 
0.06, 0.03, 0.01, 0.01, 0.01, 0.04, 0.02, 0.03, 0.03, 0.03, 0.06, 
0.09, 0.12, 0, 0, 0, 0, 0, 0, 0, 0, 0, 0, 0, 0, 0, 0, 0, 0, 0, 
0, 0, 0, 0, 0, 0, 0, 0, 0.13, 0, 0.07, 0.06, 0.03, 0.01, 0.01, 
0.01, 0.04, 0.02, 0.03, 0.03, 0.03, 0.06, 0.09, 0.12, 0, 0, 0, 
0, 0, 0, 0, 0, 0, 0, 0, 0, 0, 0, 0, 0, 0, 0, 0, 0, 0, 0, 0, 0, 
0, 0.11, 0.07, 0.04, 0.04, 0.02, 0.01, 0.01, 0.01, 0.03, 0.02, 
0.03, 0.03, 0.03, 0.06, 0.1, 0.14, 0, 0, 0, 0, 0, 0, 0, 0, 0, 
0, 0, 0, 0, 0, 0, 0, 0, 0, 0, 0, 0, 0, 0, 0, 0.11, 0.07, 0, 0.04, 
0.04, 0.02, 0.01, 0.01, 0.01, 0.03, 0.02, 0.03, 0.03, 0.03, 0.06, 
0.1, 0.14, 0, 0, 0, 0, 0, 0, 0, 0, 0, 0, 0, 0, 0, 0, 0, 0, 0, 
0, 0, 0, 0, 0, 0, 0, 0.11, 0.07, 0, 0.04, 0.04, 0.02, 0.01, 0.01, 
0.01, 0.03, 0.02, 0.03, 0.03, 0.03, 0.06, 0.1, 0.14, 0, 0, 0, 
0, 0, 0, 0, 0, 0, 0, 0, 0, 0, 0, 0, 0, 0, 0, 0, 0, 0, 0, 0, 0, 
0.11, 0.07, 0, 0.04, 0.04, 0.02, 0.01, 0.01, 0.01, 0.03, 0.02, 
0.03, 0.03, 0.03, 0.06, 0.1, 0.14, 0, 0, 0, 0, 0, 0, 0, 0, 0, 
0, 0, 0, 0, 0, 0, 0, 0, 0, 0, 0, 0, 0, 0, 0, 0, 0.13, 0.08, 0.04, 
0.04, 0.02, 0.01, 0.01, 0.01, 0.03, 0.01, 0.02, 0.02, 0.02, 0.04, 
0.06, 0.08, 0.12, 0, 0, 0, 0, 0, 0, 0, 0, 0, 0, 0, 0, 0, 0, 0, 
0, 0, 0, 0, 0, 0, 0, 0, 0.13, 0.08, 0, 0.04, 0.04, 0.02, 0.01, 
0.01, 0.01, 0.03, 0.01, 0.02, 0.02, 0.02, 0.04, 0.06, 0.08, 0.12, 
0, 0, 0, 0, 0, 0, 0, 0, 0, 0, 0, 0, 0, 0, 0, 0, 0, 0, 0, 0, 0, 
0, 0, 0.13, 0.08, 0, 0.04, 0.04, 0.02, 0.01, 0.01, 0.01, 0.03, 
0.01, 0.02, 0.02, 0.02, 0.04, 0.06, 0.08, 0.12, 0, 0, 0, 0, 0, 
0, 0, 0, 0, 0, 0, 0, 0, 0, 0, 0, 0, 0, 0, 0, 0, 0, 0, 0.12, 0.07, 
0.05, 0.03, 0.02, 0.01, 0.01, 0.01, 0.01, 0.02, 0.01, 0.02, 0.02, 
0.02, 0.04, 0.06, 0.09, 0.14, 0, 0, 0, 0, 0, 0, 0, 0, 0, 0, 0, 
0, 0, 0, 0, 0, 0, 0, 0, 0, 0, 0, 0.12, 0.07, 0.05, 0, 0.03, 0.02, 
0.01, 0.01, 0.01, 0.01, 0.02, 0.01, 0.02, 0.02, 0.02, 0.04, 0.06, 
0.09, 0.14, 0, 0, 0, 0, 0, 0, 0, 0, 0, 0, 0, 0, 0, 0, 0, 0, 0, 
0, 0, 0, 0, 0, 0.12, 0.07, 0.05, 0, 0.03, 0.02, 0.01, 0.01, 0.01, 
0.01, 0.02, 0.01, 0.02, 0.02, 0.02, 0.04, 0.06, 0.09, 0.14, 0, 
0, 0, 0, 0, 0, 0, 0, 0, 0, 0, 0, 0, 0, 0, 0, 0, 0, 0, 0, 0, 0, 
0.12, 0.07, 0.05, 0, 0.03, 0.02, 0.01, 0.01, 0.01, 0.01, 0.02, 
0.01, 0.02, 0.02, 0.02, 0.04, 0.06, 0.09, 0.14, 0, 0, 0, 0, 0, 
0, 0, 0, 0, 0, 0, 0, 0, 0, 0, 0, 0, 0, 0, 0, 0, 0, 0, 0.13, 0.08, 
0.05, 0.03, 0.02, 0.01, 0.01, 0.01, 0.01, 0.02, 0.01, 0.01, 0.02, 
0.01, 0.03, 0.04, 0.06, 0.08, 0.13, 0, 0, 0, 0, 0, 0, 0, 0, 0, 
0, 0, 0, 0, 0, 0, 0, 0, 0, 0, 0, 0, 0.13, 0.08, 0.05, 0, 0.03, 
0.02, 0.01, 0.01, 0.01, 0.01, 0.02, 0.01, 0.01, 0.02, 0.01, 0.03, 
0.04, 0.06, 0.08, 0.13, 0, 0, 0, 0, 0, 0, 0, 0, 0, 0, 0, 0, 0, 
0, 0, 0, 0, 0, 0, 0, 0, 0.12, 0.07, 0.05, 0.03, 0.02, 0.01, 0.01, 
0.01, 0.01, 0.01, 0.01, 0.01, 0.01, 0.02, 0.01, 0.03, 0.04, 0.06, 
0.09, 0.14, 0, 0, 0, 0, 0, 0, 0, 0, 0, 0, 0, 0, 0, 0, 0, 0, 0, 
0, 0, 0, 0.12, 0.07, 0.05, 0.03, 0, 0.02, 0.01, 0.01, 0.01, 0.01, 
0.01, 0.01, 0.01, 0.01, 0.02, 0.01, 0.03, 0.04, 0.06, 0.09, 0.14, 
0, 0, 0, 0, 0, 0, 0, 0, 0, 0, 0, 0, 0, 0, 0, 0, 0, 0, 0, 0, 0.12, 
0.07, 0.05, 0.03, 0, 0.02, 0.01, 0.01, 0.01, 0.01, 0.01, 0.01, 
0.01, 0.01, 0.02, 0.01, 0.03, 0.04, 0.06, 0.09, 0.14, 0, 0, 0, 
0, 0, 0, 0, 0, 0, 0, 0, 0, 0, 0, 0, 0, 0, 0, 0, 0, 0.11, 0.07, 
0.04, 0.03, 0.02, 0.01, 0.01, 0.01, 0.01, 0.01, 0.01, 0.01, 0.01, 
0.01, 0.02, 0.01, 0.03, 0.04, 0.06, 0.09, 0.15, 0, 0, 0, 0, 0, 
0, 0, 0, 0, 0, 0, 0, 0, 0, 0, 0, 0, 0, 0, 0, 0.11, 0.04, 0.03, 
0.02, 0, 0.01, 0.01, 0.01, 0.01, 0.01, 0.01, 0.01, 0.01, 0.01, 
0.02, 0.01, 0.03, 0.04, 0.06, 0.09, 0.15, 0, 0, 0, 0, 0, 0, 0, 
0, 0, 0, 0, 0, 0, 0, 0, 0, 0, 0, 0, 0.11, 0.06, 0.04, 0.02, 0.02, 
0.01, 0.01, 0.01, 0.01, 0.01, 0.01, 0.01, 0.01, 0.01, 0.01, 0.02, 
0.01, 0.03, 0.04, 0.06, 0.1, 0.16, 0, 0, 0, 0, 0, 0, 0, 0, 0, 
0, 0, 0, 0, 0, 0, 0, 0, 0, 0, 0.12, 0.06, 0.04, 0.02, 0.02, 0.01, 
0.01, 0.01, 0.01, 0.01, 0.01, 0.01, 0.01, 0.01, 0.01, 0.01, 0.01, 
0.02, 0.03, 0.04, 0.06, 0.1, 0.13, 0, 0, 0, 0, 0, 0, 0, 0, 0, 
0, 0, 0, 0, 0, 0, 0, 0, 0.12, 0, 0.06, 0.02, 0.02, 0.01, 0, 0.01, 
0.01, 0.01, 0.01, 0.01, 0.01, 0.01, 0.01, 0.01, 0.01, 0.01, 0.02, 
0.03, 0.04, 0.06, 0.1, 0.13, 0, 0, 0, 0, 0, 0, 0, 0, 0, 0, 0, 
0, 0, 0, 0, 0, 0, 0.12, 0, 0.06, 0.02, 0.02, 0.01, 0, 0.01, 0.01, 
0.01, 0.01, 0.01, 0.01, 0.01, 0.01, 0.01, 0.01, 0.01, 0.02, 0.03, 
0.04, 0.06, 0.1, 0.13, 0, 0, 0, 0, 0, 0, 0, 0, 0, 0, 0, 0, 0, 
0, 0, 0, 0, 0.12, 0, 0.06, 0.02, 0.02, 0.01, 0, 0.01, 0.01, 0.01, 
0.01, 0.01, 0.01, 0.01, 0.01, 0.01, 0.01, 0.01, 0.02, 0.03, 0.04, 
0.06, 0.1, 0.13, 0, 0, 0, 0, 0, 0, 0, 0, 0, 0, 0, 0, 0, 0, 0, 
0, 0, 0.12, 0, 0.06, 0.02, 0.02, 0.01, 0, 0.01, 0.01, 0.01, 0.01, 
0.01, 0.01, 0.01, 0.01, 0.01, 0.01, 0.01, 0.02, 0.03, 0.04, 0.06, 
0.1, 0.13, 0, 0, 0, 0, 0, 0, 0, 0, 0, 0, 0, 0, 0, 0, 0, 0, 0, 
0.12, 0, 0.06, 0.02, 0.02, 0.01, 0, 0.01, 0.01, 0.01, 0.01, 0.01, 
0.01, 0.01, 0.01, 0.01, 0.01, 0.01, 0.02, 0.03, 0.04, 0.06, 0.1, 
0.13, 0, 0, 0, 0, 0, 0, 0, 0, 0, 0, 0, 0, 0, 0, 0, 0, 0, 0.12, 
0, 0.06, 0.02, 0.02, 0.01, 0, 0.01, 0.01, 0.01, 0.01, 0.01, 0.01, 
0.01, 0.01, 0.01, 0.01, 0.01, 0.02, 0.03, 0.04, 0.06, 0.1, 0.13, 
0, 0, 0, 0, 0, 0, 0, 0, 0, 0, 0, 0, 0, 0, 0, 0, 0, 0.12, 0, 0.06, 
0.02, 0.02, 0.01, 0, 0.01, 0.01, 0.01, 0.01, 0.01, 0.01, 0.01, 
0.01, 0.01, 0.01, 0.01, 0.02, 0.03, 0.04, 0.06, 0.1, 0.13, 0, 
0, 0, 0, 0, 0, 0, 0, 0, 0, 0, 0, 0, 0, 0, 0, 0, 0.12, 0, 0.06, 
0.02, 0.02, 0.01, 0, 0.01, 0.01, 0.01, 0.01, 0.01, 0.01, 0.01, 
0.01, 0.01, 0.01, 0.01, 0.02, 0.03, 0.04, 0.06, 0.1, 0.13, 0, 
0, 0, 0, 0, 0, 0, 0, 0, 0, 0, 0, 0, 0, 0, 0, 0, 0.12, 0, 0.06, 
0.02, 0.02, 0.01, 0, 0.01, 0.01, 0.01, 0.01, 0.01, 0.01, 0.01, 
0.01, 0.01, 0.01, 0.01, 0.02, 0.03, 0.04, 0.06, 0.1, 0.13, 0, 
0, 0, 0, 0, 0, 0, 0, 0, 0, 0, 0, 0, 0, 0, 0, 0, 0.12, 0, 0.06, 
0.02, 0.02, 0.01, 0, 0.01, 0.01, 0.01, 0.01, 0.01, 0.01, 0.01, 
0.01, 0.01, 0.01, 0.01, 0.02, 0.03, 0.04, 0.06, 0.1, 0.13, 0, 
0, 0, 0, 0, 0, 0, 0, 0, 0, 0, 0, 0, 0, 0, 0, 0, 0.11, 0.07, 0.03, 
0.02, 0.01, 0.01, 0.01, 0.01, 0.01, 0.01, 0.01, 0.01, 0.01, 0.01, 
0.01, 0.01, 0.01, 0.01, 0.02, 0.03, 0.04, 0.06, 0.1, 0.14, 0, 
0, 0, 0, 0, 0, 0, 0, 0, 0, 0, 0, 0, 0, 0, 0, 0.11, 0.07, 0, 0.03, 
0.01, 0.01, 0.01, 0, 0.01, 0.01, 0.01, 0.01, 0.01, 0.01, 0.01, 
0.01, 0.01, 0.01, 0.01, 0.02, 0.03, 0.04, 0.06, 0.1, 0.14, 0, 
0, 0, 0, 0, 0, 0, 0, 0, 0, 0, 0, 0, 0, 0, 0, 0.11, 0.06, 0.04, 
0.02, 0.01, 0.01, 0.01, 0.01, 0.01, 0.01, 0.01, 0.01, 0.01, 0.01, 
0.01, 0.01, 0.01, 0.01, 0.01, 0.02, 0.03, 0.04, 0.06, 0.1, 0.15, 
0, 0, 0, 0, 0, 0, 0, 0, 0, 0, 0, 0, 0, 0, 0, 0, 0.11, 0.04, 0, 
0.02, 0.01, 0.01, 0.01, 0, 0.01, 0.01, 0.01, 0.01, 0.01, 0.01, 
0.01, 0.01, 0.01, 0.01, 0.01, 0.02, 0.03, 0.04, 0.06, 0.1, 0.15, 
0, 0, 0, 0, 0, 0, 0, 0, 0, 0, 0, 0, 0, 0, 0, 0, 0.11, 0.04, 0, 
0.02, 0.01, 0.01, 0.01, 0, 0.01, 0.01, 0.01, 0.01, 0.01, 0.01, 
0.01, 0.01, 0.01, 0.01, 0.01, 0.02, 0.03, 0.04, 0.06, 0.1, 0.15, 
0, 0, 0, 0, 0, 0, 0, 0, 0, 0, 0, 0, 0, 0, 0, 0, 0.11, 0.04, 0, 
0.02, 0.01, 0.01, 0.01, 0, 0.01, 0.01, 0.01, 0.01, 0.01, 0.01, 
0.01, 0.01, 0.01, 0.01, 0.01, 0.02, 0.03, 0.04, 0.06, 0.1, 0.15, 
0, 0, 0, 0, 0, 0, 0, 0, 0, 0, 0, 0, 0, 0, 0, 0.1, 0.06, 0.03, 
0.02, 0.01, 0.01, 0.01, 0.01, 0.01, 0.01, 0.01, 0.01, 0.01, 0.01, 
0.01, 0.01, 0.01, 0.01, 0.01, 0.01, 0.02, 0.03, 0.04, 0.06, 0.1, 
0.16, 0, 0, 0, 0, 0, 0, 0, 0, 0, 0, 0, 0, 0, 0, 0, 0.1, 0.06, 
0.02, 0, 0.01, 0.01, 0.01, 0.01, 0, 0.01, 0.01, 0.01, 0.01, 0.01, 
0.01, 0.01, 0.01, 0.01, 0.01, 0.01, 0.02, 0.03, 0.04, 0.06, 0.1, 
0.16, 0, 0, 0, 0, 0, 0, 0, 0, 0, 0, 0, 0, 0, 0, 0, 0.1, 0.06, 
0.03, 0.02, 0.01, 0.01, 0.01, 0.01, 0.01, 0.01, 0.01, 0.01, 0.01, 
0.01, 0.01, 0.01, 0.01, 0.01, 0.01, 0.01, 0.01, 0.02, 0.03, 0.04, 
0.06, 0.1, 0.13, 0, 0, 0, 0, 0, 0, 0, 0, 0, 0, 0, 0, 0, 0, 0.11, 
0.06, 0.03, 0.02, 0.01, 0.01, 0.01, 0.01, 0.01, 0.01, 0.01, 0.01, 
0.01, 0.01, 0.01, 0.01, 0.01, 0.01, 0.01, 0.01, 0.01, 0.01, 0.02, 
0.03, 0.04, 0.06, 0.08, 0.13, 0, 0, 0, 0, 0, 0, 0, 0, 0, 0, 0, 
0, 0.11, 0.06, 0.03, 0.02, 0.01, 0.01, 0.01, 0.01, 0.01, 0.01, 
0.01, 0.01, 0.01, 0.01, 0.01, 0.01, 0.01, 0.01, 0.01, 0.01, 0.01, 
0.01, 0.01, 0.02, 0.03, 0.04, 0.06, 0.08, 0.14, 0, 0, 0, 0, 0, 
0, 0, 0, 0, 0, 0, 0, 0.11, 0.06, 0.03, 0.01, 0, 0.01, 0.01, 0.01, 
0.01, 0, 0.01, 0.01, 0.01, 0.01, 0.01, 0.01, 0.01, 0.01, 0.01, 
0.01, 0.01, 0.01, 0.01, 0.02, 0.03, 0.04, 0.06, 0.08, 0.14, 0, 
0, 0, 0, 0, 0, 0, 0, 0, 0, 0, 0, 0.11, 0.06, 0.03, 0.01, 0, 0.01, 
0.01, 0.01, 0.01, 0, 0.01, 0.01, 0.01, 0.01, 0.01, 0.01, 0.01, 
0.01, 0.01, 0.01, 0.01, 0.01, 0.01, 0.02, 0.03, 0.04, 0.06, 0.08, 
0.14, 0, 0, 0, 0, 0, 0, 0, 0, 0, 0, 0, 0, 0.11, 0.06, 0.03, 0.01, 
0, 0.01, 0.01, 0.01, 0.01, 0, 0.01, 0.01, 0.01, 0.01, 0.01, 0.01, 
0.01, 0.01, 0.01, 0.01, 0.01, 0.01, 0.01, 0.02, 0.03, 0.04, 0.06, 
0.08, 0.14, 0, 0, 0, 0, 0, 0, 0, 0, 0, 0, 0, 0, 0.11, 0.06, 0.03, 
0.01, 0, 0.01, 0.01, 0.01, 0.01, 0, 0.01, 0.01, 0.01, 0.01, 0.01, 
0.01, 0.01, 0.01, 0.01, 0.01, 0.01, 0.01, 0.01, 0.02, 0.03, 0.04, 
0.06, 0.08, 0.14, 0, 0, 0, 0, 0, 0, 0, 0, 0, 0, 0, 0, 0.11, 0.06, 
0.03, 0.01, 0, 0.01, 0.01, 0.01, 0.01, 0, 0.01, 0.01, 0.01, 0.01, 
0.01, 0.01, 0.01, 0.01, 0.01, 0.01, 0.01, 0.01, 0.01, 0.02, 0.03, 
0.04, 0.06, 0.08, 0.14, 0, 0, 0, 0, 0, 0, 0, 0, 0, 0, 0, 0, 0.11, 
0.06, 0.03, 0.01, 0, 0.01, 0.01, 0.01, 0.01, 0, 0.01, 0.01, 0.01, 
0.01, 0.01, 0.01, 0.01, 0.01, 0.01, 0.01, 0.01, 0.01, 0.01, 0.02, 
0.03, 0.04, 0.06, 0.08, 0.14, 0, 0, 0, 0, 0, 0, 0, 0, 0, 0, 0, 
0, 0.11, 0.06, 0.03, 0.01, 0, 0.01, 0.01, 0.01, 0.01, 0, 0.01, 
0.01, 0.01, 0.01, 0.01, 0.01, 0.01, 0.01, 0.01, 0.01, 0.01, 0.01, 
0.01, 0.02, 0.03, 0.04, 0.06, 0.08, 0.14, 0, 0, 0, 0, 0, 0, 0, 
0, 0, 0, 0, 0, 0.11, 0.06, 0.03, 0.01, 0, 0.01, 0.01, 0.01, 0.01, 
0, 0.01, 0.01, 0.01, 0.01, 0.01, 0.01, 0.01, 0.01, 0.01, 0.01, 
0.01, 0.01, 0.01, 0.02, 0.03, 0.04, 0.06, 0.08, 0.14, 0, 0, 0, 
0, 0, 0, 0, 0, 0, 0, 0, 0.1, 0.06, 0.03, 0.02, 0.01, 0.01, 0.01, 
0.01, 0.01, 0.01, 0.01, 0.01, 0.01, 0.01, 0.01, 0.01, 0.01, 0.01, 
0.01, 0.01, 0.01, 0.01, 0.01, 0.01, 0.02, 0.03, 0.04, 0.06, 0.08, 
0.15, 0, 0, 0, 0, 0, 0, 0, 0, 0, 0, 0, 0.1, 0.06, 0.03, 0.02, 
0.01, 0.01, 0.01, 0.01, 0.01, 0.01, 0.01, 0.01, 0.01, 0.01, 0.01, 
0.01, 0.01, 0.01, 0.01, 0.01, 0.01, 0.01, 0.01, 0.01, 0.01, 0.02, 
0.03, 0.04, 0.05, 0.09, 0.13, 0, 0, 0, 0, 0, 0, 0, 0, 0, 0, 0.1, 
0.06, 0.03, 0.02, 0.01, 0, 0.01, 0.01, 0.01, 0.01, 0, 0.01, 0.01, 
0.01, 0.01, 0.01, 0.01, 0.01, 0.01, 0.01, 0.01, 0.01, 0.01, 0.01, 
0.01, 0.02, 0.03, 0.04, 0.05, 0.09, 0.13, 0, 0, 0, 0, 0, 0, 0, 
0, 0, 0, 0.1, 0.06, 0.03, 0.02, 0.01, 0, 0.01, 0.01, 0.01, 0.01, 
0, 0.01, 0.01, 0.01, 0.01, 0.01, 0.01, 0.01, 0.01, 0.01, 0.01, 
0.01, 0.01, 0.01, 0.01, 0.02, 0.03, 0.04, 0.05, 0.09, 0.13, 0, 
0, 0, 0, 0, 0, 0, 0, 0, 0, 0.1, 0.06, 0.03, 0.02, 0.01, 0, 0.01, 
0.01, 0.01, 0.01, 0, 0.01, 0.01, 0.01, 0.01, 0.01, 0.01, 0.01, 
0.01, 0.01, 0.01, 0.01, 0.01, 0.01, 0.01, 0.02, 0.03, 0.04, 0.05, 
0.09, 0.13, 0, 0, 0, 0, 0, 0, 0, 0, 0, 0, 0.1, 0.06, 0.03, 0.02, 
0.01, 0, 0.01, 0.01, 0.01, 0.01, 0, 0.01, 0.01, 0.01, 0.01, 0.01, 
0.01, 0.01, 0.01, 0.01, 0.01, 0.01, 0.01, 0.01, 0.01, 0.02, 0.03, 
0.04, 0.05, 0.09, 0.13, 0, 0, 0, 0, 0, 0, 0, 0, 0, 0, 0.1, 0.06, 
0.03, 0.02, 0.01, 0, 0.01, 0.01, 0.01, 0.01, 0, 0.01, 0.01, 0.01, 
0.01, 0.01, 0.01, 0.01, 0.01, 0.01, 0.01, 0.01, 0.01, 0.01, 0.01, 
0.02, 0.03, 0.04, 0.05, 0.09, 0.13, 0, 0, 0, 0, 0, 0, 0, 0, 0, 
0, 0.1, 0.06, 0.03, 0.02, 0.01, 0, 0.01, 0.01, 0.01, 0.01, 0, 
0.01, 0.01, 0.01, 0.01, 0.01, 0.01, 0.01, 0.01, 0.01, 0.01, 0.01, 
0.01, 0.01, 0.01, 0.02, 0.03, 0.04, 0.05, 0.09, 0.13, 0, 0, 0, 
0, 0, 0, 0, 0, 0, 0, 0.1, 0.06, 0.03, 0.02, 0.01, 0, 0.01, 0.01, 
0.01, 0.01, 0, 0.01, 0.01, 0.01, 0.01, 0.01, 0.01, 0.01, 0.01, 
0.01, 0.01, 0.01, 0.01, 0.01, 0.01, 0.02, 0.03, 0.04, 0.05, 0.09, 
0.13, 0, 0, 0, 0, 0, 0, 0, 0, 0, 0, 0.1, 0.06, 0.03, 0.02, 0.01, 
0, 0.01, 0.01, 0.01, 0.01, 0, 0.01, 0.01, 0.01, 0.01, 0.01, 0.01, 
0.01, 0.01, 0.01, 0.01, 0.01, 0.01, 0.01, 0.01, 0.02, 0.03, 0.04, 
0.05, 0.09, 0.13, 0, 0, 0, 0, 0, 0, 0, 0, 0, 0, 0.1, 0.06, 0.03, 
0.02, 0.01, 0, 0.01, 0.01, 0.01, 0.01, 0, 0.01, 0.01, 0.01, 0.01, 
0.01, 0.01, 0.01, 0.01, 0.01, 0.01, 0.01, 0.01, 0.01, 0.01, 0.02, 
0.03, 0.04, 0.05, 0.09, 0.13, 0, 0, 0, 0, 0, 0, 0, 0, 0, 0, 0.1, 
0.06, 0.03, 0.02, 0.01, 0, 0.01, 0.01, 0.01, 0.01, 0, 0.01, 0.01, 
0.01, 0.01, 0.01, 0.01, 0.01, 0.01, 0.01, 0.01, 0.01, 0.01, 0.01, 
0.01, 0.02, 0.03, 0.04, 0.05, 0.09, 0.13, 0, 0, 0, 0, 0, 0, 0, 
0, 0, 0, 0.1, 0.06, 0.03, 0.02, 0.01, 0, 0.01, 0.01, 0.01, 0.01, 
0, 0.01, 0.01, 0.01, 0.01, 0.01, 0.01, 0.01, 0.01, 0.01, 0.01, 
0.01, 0.01, 0.01, 0.01, 0.02, 0.03, 0.04, 0.05, 0.09, 0.13, 0, 
0, 0, 0, 0, 0, 0, 0, 0, 0, 0.1, 0.06, 0.03, 0.02, 0.01, 0, 0.01, 
0.01, 0.01, 0.01, 0, 0.01, 0.01, 0.01, 0.01, 0.01, 0.01, 0.01, 
0.01, 0.01, 0.01, 0.01, 0.01, 0.01, 0.01, 0.02, 0.03, 0.04, 0.05, 
0.09, 0.13, 0, 0, 0, 0, 0, 0, 0, 0, 0, 0, 0.1, 0.06, 0.03, 0.02, 
0.01, 0, 0.01, 0.01, 0.01, 0.01, 0, 0.01, 0.01, 0.01, 0.01, 0.01, 
0.01, 0.01, 0.01, 0.01, 0.01, 0.01, 0.01, 0.01, 0.01, 0.02, 0.03, 
0.04, 0.05, 0.09, 0.13, 0, 0, 0, 0, 0, 0, 0, 0, 0, 0, 0.1, 0.06, 
0.03, 0.02, 0.01, 0, 0.01, 0.01, 0.01, 0.01, 0, 0.01, 0.01, 0.01, 
0.01, 0.01, 0.01, 0.01, 0.01, 0.01, 0.01, 0.01, 0.01, 0.01, 0.01, 
0.02, 0.03, 0.04, 0.05, 0.09, 0.13, 0, 0, 0, 0, 0, 0, 0, 0, 0, 
0, 0.1, 0.06, 0.03, 0.02, 0.01, 0, 0.01, 0.01, 0.01, 0.01, 0, 
0.01, 0.01, 0.01, 0.01, 0.01, 0.01, 0.01, 0.01, 0.01, 0.01, 0.01, 
0.01, 0.01, 0.01, 0.02, 0.03, 0.04, 0.05, 0.09, 0.13, 0, 0, 0, 
0, 0, 0, 0, 0, 0, 0, 0.1, 0.06, 0.03, 0.02, 0.01, 0, 0.01, 0.01, 
0.01, 0.01, 0, 0.01, 0.01, 0.01, 0.01, 0.01, 0.01, 0.01, 0.01, 
0.01, 0.01, 0.01, 0.01, 0.01, 0.01, 0.02, 0.03, 0.04, 0.05, 0.09, 
0.13, 0, 0, 0, 0, 0, 0, 0, 0, 0, 0, 0.1, 0.06, 0.03, 0.02, 0.01, 
0, 0.01, 0.01, 0.01, 0.01, 0, 0.01, 0.01, 0.01, 0.01, 0.01, 0.01, 
0.01, 0.01, 0.01, 0.01, 0.01, 0.01, 0.01, 0.01, 0.02, 0.03, 0.04, 
0.05, 0.09, 0.13, 0, 0, 0, 0, 0, 0, 0, 0, 0, 0, 0.1, 0.06, 0.03, 
0.02, 0.01, 0, 0.01, 0.01, 0.01, 0.01, 0, 0.01, 0.01, 0.01, 0.01, 
0.01, 0.01, 0.01, 0.01, 0.01, 0.01, 0.01, 0.01, 0.01, 0.01, 0.02, 
0.03, 0.04, 0.05, 0.09, 0.13, 0, 0, 0, 0, 0, 0, 0, 0, 0, 0, 0.1, 
0.06, 0.03, 0.02, 0.01, 0, 0.01, 0.01, 0.01, 0.01, 0, 0.01, 0.01, 
0.01, 0.01, 0.01, 0.01, 0.01, 0.01, 0.01, 0.01, 0.01, 0.01, 0.01, 
0.01, 0.02, 0.03, 0.04, 0.05, 0.09, 0.13, 0, 0, 0, 0, 0, 0, 0, 
0, 0, 0, 0.1, 0.06, 0.03, 0.02, 0.01, 0, 0.01, 0.01, 0.01, 0.01, 
0, 0.01, 0.01, 0.01, 0.01, 0.01, 0.01, 0.01, 0.01, 0.01, 0.01, 
0.01, 0.01, 0.01, 0.01, 0.02, 0.03, 0.04, 0.05, 0.09, 0.13, 0, 
0, 0, 0, 0, 0, 0, 0, 0, 0.11, 0.05, 0.03, 0.02, 0.01, 0.01, 0.01, 
0.01, 0.01, 0.01, 0.01, 0.01, 0.01, 0.01, 0.01, 0.01, 0.01, 0.01, 
0.01, 0.01, 0.01, 0.01, 0.01, 0.01, 0.01, 0.01, 0.02, 0.03, 0.04, 
0.05, 0.09, 0.14, 0, 0, 0, 0, 0, 0, 0, 0, 0, 0.11, 0.05, 0.03, 
0.02, 0.01, 0.01, 0, 0.01, 0.01, 0.01, 0.01, 0, 0.01, 0.01, 0.01, 
0.01, 0.01, 0.01, 0.01, 0.01, 0.01, 0.01, 0.01, 0.01, 0.01, 0.01, 
0.02, 0.03, 0.04, 0.05, 0.09, 0.14, 0, 0, 0, 0, 0, 0, 0, 0, 0, 
0.11, 0.05, 0.03, 0.02, 0.01, 0.01, 0, 0.01, 0.01, 0.01, 0.01, 
0, 0.01, 0.01, 0.01, 0.01, 0.01, 0.01, 0.01, 0.01, 0.01, 0.01, 
0.01, 0.01, 0.01, 0.01, 0.02, 0.03, 0.04, 0.05, 0.09, 0.14, 0, 
0, 0, 0, 0, 0, 0, 0, 0, 0.11, 0.05, 0.03, 0.02, 0.01, 0.01, 0, 
0.01, 0.01, 0.01, 0.01, 0, 0.01, 0.01, 0.01, 0.01, 0.01, 0.01, 
0.01, 0.01, 0.01, 0.01, 0.01, 0.01, 0.01, 0.01, 0.02, 0.03, 0.04, 
0.05, 0.09, 0.14, 0, 0, 0, 0, 0, 0, 0, 0, 0, 0.11, 0.05, 0.03, 
0.02, 0.01, 0.01, 0, 0.01, 0.01, 0.01, 0.01, 0, 0.01, 0.01, 0.01, 
0.01, 0.01, 0.01, 0.01, 0.01, 0.01, 0.01, 0.01, 0.01, 0.01, 0.01, 
0.02, 0.03, 0.04, 0.05, 0.09, 0.14, 0, 0, 0, 0, 0, 0, 0, 0, 0, 
0.11, 0.05, 0.03, 0.02, 0.01, 0.01, 0, 0.01, 0.01, 0.01, 0.01, 
0, 0.01, 0.01, 0.01, 0.01, 0.01, 0.01, 0.01, 0.01, 0.01, 0.01, 
0.01, 0.01, 0.01, 0.01, 0.02, 0.03, 0.04, 0.05, 0.09, 0.14, 0, 
0, 0, 0, 0, 0, 0, 0, 0, 0.11, 0.05, 0.03, 0.02, 0.01, 0.01, 0, 
0.01, 0.01, 0.01, 0.01, 0, 0.01, 0.01, 0.01, 0.01, 0.01, 0.01, 
0.01, 0.01, 0.01, 0.01, 0.01, 0.01, 0.01, 0.01, 0.02, 0.03, 0.04, 
0.05, 0.09, 0.14, 0, 0, 0, 0, 0, 0, 0, 0, 0, 0.11, 0.05, 0.03, 
0.02, 0.01, 0.01, 0, 0.01, 0.01, 0.01, 0.01, 0, 0.01, 0.01, 0.01, 
0.01, 0.01, 0.01, 0.01, 0.01, 0.01, 0.01, 0.01, 0.01, 0.01, 0.01, 
0.02, 0.03, 0.04, 0.05, 0.09, 0.14, 0, 0, 0, 0, 0, 0, 0, 0, 0, 
0.11, 0.05, 0.03, 0.02, 0.01, 0.01, 0, 0.01, 0.01, 0.01, 0.01, 
0, 0.01, 0.01, 0.01, 0.01, 0.01, 0.01, 0.01, 0.01, 0.01, 0.01, 
0.01, 0.01, 0.01, 0.01, 0.02, 0.03, 0.04, 0.05, 0.09, 0.14, 0, 
0, 0, 0, 0, 0, 0, 0, 0, 0.11, 0.05, 0.03, 0.02, 0.01, 0.01, 0, 
0.01, 0.01, 0.01, 0.01, 0, 0.01, 0.01, 0.01, 0.01, 0.01, 0.01, 
0.01, 0.01, 0.01, 0.01, 0.01, 0.01, 0.01, 0.01, 0.02, 0.03, 0.04, 
0.05, 0.09, 0.14, 0, 0, 0, 0, 0, 0, 0, 0, 0, 0.11, 0.05, 0.03, 
0.02, 0.01, 0.01, 0, 0.01, 0.01, 0.01, 0.01, 0, 0.01, 0.01, 0.01, 
0.01, 0.01, 0.01, 0.01, 0.01, 0.01, 0.01, 0.01, 0.01, 0.01, 0.01, 
0.02, 0.03, 0.04, 0.05, 0.09, 0.14, 0, 0, 0, 0, 0, 0, 0, 0, 0, 
0.11, 0.05, 0.03, 0.02, 0.01, 0.01, 0, 0.01, 0.01, 0.01, 0.01, 
0, 0.01, 0.01, 0.01, 0.01, 0.01, 0.01, 0.01, 0.01, 0.01, 0.01, 
0.01, 0.01, 0.01, 0.01, 0.02, 0.03, 0.04, 0.05, 0.09, 0.14, 0, 
0, 0, 0, 0, 0, 0, 0, 0, 0.11, 0.05, 0.03, 0.02, 0.01, 0.01, 0, 
0.01, 0.01, 0.01, 0.01, 0, 0.01, 0.01, 0.01, 0.01, 0.01, 0.01, 
0.01, 0.01, 0.01, 0.01, 0.01, 0.01, 0.01, 0.01, 0.02, 0.03, 0.04, 
0.05, 0.09, 0.14, 0, 0, 0, 0, 0, 0, 0, 0, 0, 0.11, 0.05, 0.03, 
0.02, 0.01, 0.01, 0, 0.01, 0.01, 0.01, 0.01, 0, 0.01, 0.01, 0.01, 
0.01, 0.01, 0.01, 0.01, 0.01, 0.01, 0.01, 0.01, 0.01, 0.01, 0.01, 
0.02, 0.03, 0.04, 0.05, 0.09, 0.14, 0, 0, 0, 0, 0, 0, 0, 0, 0, 
0.11, 0.05, 0.03, 0.02, 0.01, 0.01, 0, 0.01, 0.01, 0.01, 0.01, 
0, 0.01, 0.01, 0.01, 0.01, 0.01, 0.01, 0.01, 0.01, 0.01, 0.01, 
0.01, 0.01, 0.01, 0.01, 0.02, 0.03, 0.04, 0.05, 0.09, 0.14, 0, 
0, 0, 0, 0, 0, 0, 0, 0, 0.11, 0.05, 0.03, 0.02, 0.01, 0.01, 0.01, 
0.01, 0.01, 0.01, 0.01, 0.01, 0.01, 0.01, 0.01, 0.01, 0.01, 0.01, 
0.01, 0.01, 0.01, 0.01, 0.01, 0.01, 0.01, 0.01, 0.01, 0.02, 0.03, 
0.03, 0.05, 0.08, 0.13, 0, 0, 0, 0, 0, 0, 0, 0, 0.11, 0.05, 0.03, 
0.02, 0.01, 0.01, 0, 0.01, 0.01, 0.01, 0.01, 0, 0.01, 0.01, 0.01, 
0.01, 0.01, 0.01, 0.01, 0.01, 0.01, 0.01, 0.01, 0.01, 0.01, 0.01, 
0.01, 0.02, 0.03, 0.03, 0.05, 0.08, 0.13, 0, 0, 0, 0, 0, 0, 0, 
0, 0.11, 0.05, 0.03, 0.02, 0.01, 0.01, 0, 0.01, 0.01, 0.01, 0.01, 
0, 0.01, 0.01, 0.01, 0.01, 0.01, 0.01, 0.01, 0.01, 0.01, 0.01, 
0.01, 0.01, 0.01, 0.01, 0.01, 0.02, 0.03, 0.03, 0.05, 0.08, 0.13, 
0, 0, 0, 0, 0, 0, 0, 0, 0.11, 0.05, 0.03, 0.02, 0.01, 0.01, 0, 
0.01, 0.01, 0.01, 0.01, 0, 0.01, 0.01, 0.01, 0.01, 0.01, 0.01, 
0.01, 0.01, 0.01, 0.01, 0.01, 0.01, 0.01, 0.01, 0.01, 0.02, 0.03, 
0.03, 0.05, 0.08, 0.13, 0, 0, 0, 0, 0, 0, 0, 0, 0.11, 0.05, 0.03, 
0.02, 0.01, 0.01, 0, 0.01, 0.01, 0.01, 0.01, 0, 0.01, 0.01, 0.01, 
0.01, 0.01, 0.01, 0.01, 0.01, 0.01, 0.01, 0.01, 0.01, 0.01, 0.01, 
0.01, 0.02, 0.03, 0.03, 0.05, 0.08, 0.13, 0, 0, 0, 0, 0, 0, 0, 
0, 0.11, 0.05, 0.03, 0.02, 0.01, 0.01, 0, 0.01, 0.01, 0.01, 0.01, 
0, 0.01, 0.01, 0.01, 0.01, 0.01, 0.01, 0.01, 0.01, 0.01, 0.01, 
0.01, 0.01, 0.01, 0.01, 0.01, 0.02, 0.03, 0.03, 0.05, 0.08, 0.13, 
0, 0, 0, 0, 0, 0, 0, 0, 0.11, 0.05, 0.03, 0.02, 0.01, 0.01, 0, 
0.01, 0.01, 0.01, 0.01, 0, 0.01, 0.01, 0.01, 0.01, 0.01, 0.01, 
0.01, 0.01, 0.01, 0.01, 0.01, 0.01, 0.01, 0.01, 0.01, 0.02, 0.03, 
0.03, 0.05, 0.08, 0.13, 0, 0, 0, 0, 0, 0, 0, 0, 0.11, 0.05, 0.03, 
0.02, 0.01, 0.01, 0, 0.01, 0.01, 0.01, 0.01, 0, 0.01, 0.01, 0.01, 
0.01, 0.01, 0.01, 0.01, 0.01, 0.01, 0.01, 0.01, 0.01, 0.01, 0.01, 
0.01, 0.02, 0.03, 0.03, 0.05, 0.08, 0.13, 0, 0, 0, 0, 0, 0, 0, 
0, 0.11, 0.05, 0.03, 0.02, 0.01, 0.01, 0, 0.01, 0.01, 0.01, 0.01, 
0, 0.01, 0.01, 0.01, 0.01, 0.01, 0.01, 0.01, 0.01, 0.01, 0.01, 
0.01, 0.01, 0.01, 0.01, 0.01, 0.02, 0.03, 0.03, 0.05, 0.08, 0.13, 
0, 0, 0, 0, 0, 0, 0, 0, 0.11, 0.05, 0.03, 0.02, 0.01, 0.01, 0, 
0.01, 0.01, 0.01, 0.01, 0, 0.01, 0.01, 0.01, 0.01, 0.01, 0.01, 
0.01, 0.01, 0.01, 0.01, 0.01, 0.01, 0.01, 0.01, 0.01, 0.02, 0.03, 
0.03, 0.05, 0.08, 0.13, 0, 0, 0, 0, 0, 0, 0, 0, 0.11, 0.05, 0.03, 
0.02, 0.01, 0.01, 0, 0.01, 0.01, 0.01, 0.01, 0, 0.01, 0.01, 0.01, 
0.01, 0.01, 0.01, 0.01, 0.01, 0.01, 0.01, 0.01, 0.01, 0.01, 0.01, 
0.01, 0.02, 0.03, 0.03, 0.05, 0.08, 0.13, 0, 0, 0, 0, 0, 0, 0, 
0, 0.11, 0.05, 0.03, 0.02, 0.01, 0.01, 0, 0.01, 0.01, 0.01, 0.01, 
0, 0.01, 0.01, 0.01, 0.01, 0.01, 0.01, 0.01, 0.01, 0.01, 0.01, 
0.01, 0.01, 0.01, 0.01, 0.01, 0.02, 0.03, 0.03, 0.05, 0.08, 0.13, 
0, 0, 0, 0, 0, 0, 0, 0, 0.11, 0.05, 0.03, 0.02, 0.01, 0.01, 0, 
0.01, 0.01, 0.01, 0.01, 0, 0.01, 0.01, 0.01, 0.01, 0.01, 0.01, 
0.01, 0.01, 0.01, 0.01, 0.01, 0.01, 0.01, 0.01, 0.01, 0.02, 0.03, 
0.03, 0.05, 0.08, 0.13, 0, 0, 0, 0, 0, 0, 0, 0, 0.11, 0.05, 0.03, 
0.02, 0.01, 0.01, 0, 0.01, 0.01, 0.01, 0.01, 0, 0.01, 0.01, 0.01, 
0.01, 0.01, 0.01, 0.01, 0.01, 0.01, 0.01, 0.01, 0.01, 0.01, 0.01, 
0.01, 0.02, 0.03, 0.03, 0.05, 0.08, 0.13, 0, 0, 0, 0, 0, 0, 0, 
0, 0.11, 0.05, 0.03, 0.02, 0.01, 0.01, 0, 0.01, 0.01, 0.01, 0.01, 
0, 0.01, 0.01, 0.01, 0.01, 0.01, 0.01, 0.01, 0.01, 0.01, 0.01, 
0.01, 0.01, 0.01, 0.01, 0.01, 0.02, 0.03, 0.03, 0.05, 0.08, 0.13, 
0, 0, 0, 0, 0, 0, 0, 0, 0.11, 0.05, 0.03, 0.02, 0.01, 0.01, 0, 
0.01, 0.01, 0.01, 0.01, 0, 0.01, 0.01, 0.01, 0.01, 0.01, 0.01, 
0.01, 0.01, 0.01, 0.01, 0.01, 0.01, 0.01, 0.01, 0.01, 0.02, 0.03, 
0.03, 0.05, 0.08, 0.13, 0, 0, 0, 0, 0, 0, 0, 0, 0.11, 0.05, 0.03, 
0.02, 0.01, 0.01, 0, 0.01, 0.01, 0.01, 0.01, 0, 0.01, 0.01, 0.01, 
0.01, 0.01, 0.01, 0.01, 0.01, 0.01, 0.01, 0.01, 0.01, 0.01, 0.01, 
0.01, 0.02, 0.03, 0.03, 0.05, 0.08, 0.13, 0, 0, 0, 0, 0, 0, 0, 
0, 0.11, 0.05, 0.03, 0.02, 0.01, 0.01, 0, 0.01, 0.01, 0.01, 0.01, 
0, 0.01, 0.01, 0.01, 0.01, 0.01, 0.01, 0.01, 0.01, 0.01, 0.01, 
0.01, 0.01, 0.01, 0.01, 0.01, 0.02, 0.03, 0.03, 0.05, 0.08, 0.13, 
0, 0, 0, 0, 0, 0, 0, 0, 0.11, 0.05, 0.03, 0.02, 0.01, 0.01, 0, 
0.01, 0.01, 0.01, 0.01, 0, 0.01, 0.01, 0.01, 0.01, 0.01, 0.01, 
0.01, 0.01, 0.01, 0.01, 0.01, 0.01, 0.01, 0.01, 0.01, 0.02, 0.03, 
0.03, 0.05, 0.08, 0.13, 0, 0, 0, 0, 0, 0, 0, 0, 0.11, 0.05, 0.03, 
0.02, 0.01, 0.01, 0, 0.01, 0.01, 0.01, 0.01, 0, 0.01, 0.01, 0.01, 
0.01, 0.01, 0.01, 0.01, 0.01, 0.01, 0.01, 0.01, 0.01, 0.01, 0.01, 
0.01, 0.02, 0.03, 0.03, 0.05, 0.08, 0.13, 0, 0, 0, 0, 0, 0, 0, 
0, 0.11, 0.05, 0.03, 0.02, 0.01, 0.01, 0.01, 0.01, 0.01, 0.01, 
0.01, 0.01, 0.01, 0.01, 0.01, 0.01, 0.01, 0.01, 0.01, 0.01, 0.01, 
0.01, 0.01, 0.01, 0.01, 0.01, 0.01, 0.01, 0.02, 0.02, 0.03, 0.05, 
0.08, 0.13, 0, 0, 0, 0, 0, 0, 0, 0.12, 0.05, 0.03, 0.02, 0.01, 
0.01, 0.01, 0.01, 0.01, 0.01, 0.01, 0.01, 0.01, 0.01, 0.01, 0.01, 
0.01, 0.01, 0.01, 0.01, 0.01, 0.01, 0.01, 0.01, 0.01, 0.01, 0.01, 
0.01, 0.01, 0.01, 0.02, 0.03, 0.05, 0.07, 0.13, 0, 0, 0, 0, 0, 
0, 0.12, 0.05, 0.03, 0.02, 0.01, 0.01, 0, 0.01, 0.01, 0.01, 0.01, 
0, 0.01, 0.01, 0.01, 0.01, 0.01, 0.01, 0.01, 0.01, 0.01, 0.01, 
0.01, 0.01, 0.01, 0.01, 0.01, 0.01, 0.01, 0.01, 0.02, 0.03, 0.05, 
0.07, 0.13, 0, 0, 0, 0, 0, 0, 0.13, 0.05, 0.03, 0.02, 0.01, 0.01, 
0.01, 0.01, 0.01, 0.01, 0.01, 0.01, 0.01, 0.01, 0.01, 0.01, 0.01, 
0.01, 0.01, 0.01, 0.01, 0.01, 0.01, 0.01, 0.01, 0.01, 0.01, 0.01, 
0, 0, 0.01, 0.02, 0.03, 0.04, 0.07, 0.13, 0, 0, 0, 0, 0, 0.13, 
0.05, 0.03, 0.02, 0.01, 0.01, 0, 0.01, 0.01, 0.01, 0.01, 0, 0.01, 
0.01, 0.01, 0.01, 0.01, 0.01, 0.01, 0.01, 0.01, 0.01, 0.01, 0.01, 
0.01, 0.01, 0.01, 0.01, 0, 0, 0.01, 0.02, 0.03, 0.04, 0.07, 0.13, 
0, 0, 0, 0, 0, 0.13, 0.05, 0.03, 0.02, 0.01, 0.01, 0, 0.01, 0.01, 
0.01, 0.01, 0, 0.01, 0.01, 0.01, 0.01, 0.01, 0.01, 0.01, 0.01, 
0.01, 0.01, 0.01, 0.01, 0.01, 0.01, 0.01, 0.01, 0, 0, 0.01, 0.02, 
0.03, 0.04, 0.07, 0.13, 0, 0, 0, 0, 0, 0.13, 0.05, 0.03, 0.02, 
0.01, 0.01, 0, 0.01, 0.01, 0.01, 0.01, 0, 0.01, 0.01, 0.01, 0.01, 
0.01, 0.01, 0.01, 0.01, 0.01, 0.01, 0.01, 0.01, 0.01, 0.01, 0.01, 
0.01, 0, 0, 0.01, 0.02, 0.03, 0.04, 0.07, 0.13, 0, 0, 0, 0, 0, 
0.13, 0.05, 0.03, 0.02, 0.01, 0.01, 0, 0.01, 0.01, 0.01, 0.01, 
0, 0.01, 0.01, 0.01, 0.01, 0.01, 0.01, 0.01, 0.01, 0.01, 0.01, 
0.01, 0.01, 0.01, 0.01, 0.01, 0.01, 0, 0, 0.01, 0.02, 0.03, 0.04, 
0.07, 0.13, 0, 0, 0, 0, 0, 0.13, 0.05, 0.03, 0.02, 0.01, 0.01, 
0, 0.01, 0.01, 0.01, 0.01, 0, 0.01, 0.01, 0.01, 0.01, 0.01, 0.01, 
0.01, 0.01, 0.01, 0.01, 0.01, 0.01, 0.01, 0.01, 0.01, 0.01, 0, 
0, 0.01, 0.02, 0.03, 0.04, 0.07, 0.13, 0, 0, 0, 0, 0, 0.13, 0.05, 
0.03, 0.02, 0.01, 0.01, 0, 0.01, 0.01, 0.01, 0.01, 0, 0.01, 0.01, 
0.01, 0.01, 0.01, 0.01, 0.01, 0.01, 0.01, 0.01, 0.01, 0.01, 0.01, 
0.01, 0.01, 0.01, 0, 0, 0.01, 0.02, 0.03, 0.04, 0.07, 0.13, 0, 
0, 0, 0, 0, 0.13, 0.05, 0.03, 0.02, 0.01, 0.01, 0, 0.01, 0.01, 
0.01, 0.01, 0, 0.01, 0.01, 0.01, 0.01, 0.01, 0.01, 0.01, 0.01, 
0.01, 0.01, 0.01, 0.01, 0.01, 0.01, 0.01, 0.01, 0, 0, 0.01, 0.02, 
0.03, 0.04, 0.07, 0.13, 0, 0, 0, 0, 0, 0.13, 0.05, 0.03, 0.02, 
0.01, 0.01, 0, 0.01, 0.01, 0.01, 0.01, 0, 0.01, 0.01, 0.01, 0.01, 
0.01, 0.01, 0.01, 0.01, 0.01, 0.01, 0.01, 0.01, 0.01, 0.01, 0.01, 
0.01, 0, 0, 0.01, 0.02, 0.03, 0.04, 0.07, 0.13, 0, 0, 0, 0, 0, 
0.13, 0.05, 0.03, 0.02, 0.01, 0.01, 0, 0.01, 0.01, 0.01, 0.01, 
0, 0.01, 0.01, 0.01, 0.01, 0.01, 0.01, 0.01, 0.01, 0.01, 0.01, 
0.01, 0.01, 0.01, 0.01, 0.01, 0.01, 0, 0, 0.01, 0.02, 0.03, 0.04, 
0.07, 0.13, 0, 0, 0, 0, 0, 0.12, 0.05, 0.03, 0.02, 0.01, 0.01, 
0.01, 0.01, 0.01, 0.01, 0.01, 0.01, 0.01, 0.01, 0.01, 0.01, 0.01, 
0.01, 0.01, 0.01, 0.01, 0.01, 0.01, 0.01, 0.01, 0.01, 0.01, 0.01, 
0, 0.15, 0, 0.01, 0.02, 0.03, 0.04, 0.08, 0, 0, 0, 0, 0, 0.12, 
0.05, 0.03, 0.02, 0.01, 0.01, 0, 0.01, 0.01, 0.01, 0.01, 0, 0.01, 
0.01, 0.01, 0.01, 0.01, 0.01, 0.01, 0.01, 0.01, 0.01, 0.01, 0.01, 
0.01, 0.01, 0.01, 0.01, 0, 0.15, 0, 0.01, 0.02, 0.03, 0.04, 0.08, 
0, 0, 0, 0, 0, 0.12, 0.05, 0.03, 0.02, 0.01, 0.01, 0, 0.01, 0.01, 
0.01, 0.01, 0, 0.01, 0.01, 0.01, 0.01, 0.01, 0.01, 0.01, 0.01, 
0.01, 0.01, 0.01, 0.01, 0.01, 0.01, 0.01, 0.01, 0, 0.15, 0, 0.01, 
0.02, 0.03, 0.04, 0.08, 0, 0, 0, 0, 0, 0.12, 0.05, 0.03, 0.02, 
0.01, 0.01, 0.01, 0.01, 0.01, 0.01, 0.01, 0.01, 0.01, 0.01, 0.01, 
0.01, 0.01, 0.01, 0.01, 0.01, 0.01, 0.01, 0.01, 0.01, 0.01, 0.01, 
0.01, 0.01, 0, 0.09, 0.14, 0, 0.01, 0.02, 0.02, 0.05, 0, 0, 0, 
0, 0, 0.12, 0.05, 0.03, 0.02, 0.01, 0.01, 0, 0.01, 0.01, 0.01, 
0.01, 0, 0.01, 0.01, 0.01, 0.01, 0.01, 0.01, 0.01, 0.01, 0.01, 
0.01, 0.01, 0.01, 0.01, 0.01, 0.01, 0.01, 0, 0.09, 0.14, 0, 0.01, 
0.02, 0.02, 0.05, 0, 0, 0, 0, 0, 0.12, 0.05, 0.03, 0.02, 0.01, 
0.01, 0, 0.01, 0.01, 0.01, 0.01, 0, 0.01, 0.01, 0.01, 0.01, 0.01, 
0.01, 0.01, 0.01, 0.01, 0.01, 0.01, 0.01, 0.01, 0.01, 0.01, 0.01, 
0, 0.09, 0.14, 0, 0.01, 0.02, 0.02, 0.05, 0, 0, 0, 0, 0, 0.12, 
0.05, 0.03, 0.02, 0.01, 0.01, 0, 0.01, 0.01, 0.01, 0.01, 0, 0.01, 
0.01, 0.01, 0.01, 0.01, 0.01, 0.01, 0.01, 0.01, 0.01, 0.01, 0.01, 
0.01, 0.01, 0.01, 0.01, 0, 0.09, 0.14, 0, 0.01, 0.02, 0.02, 0.05, 
0, 0, 0, 0, 0, 0.12, 0.05, 0.03, 0.02, 0.01, 0.01, 0, 0.01, 0.01, 
0.01, 0.01, 0, 0.01, 0.01, 0.01, 0.01, 0.01, 0.01, 0.01, 0.01, 
0.01, 0.01, 0.01, 0.01, 0.01, 0.01, 0.01, 0.01, 0, 0.09, 0.14, 
0, 0.01, 0.02, 0.02, 0.05, 0, 0, 0, 0, 0, 0.12, 0.05, 0.03, 0.02, 
0.01, 0.01, 0.01, 0.01, 0.01, 0.01, 0.01, 0.01, 0.01, 0.01, 0.01, 
0.01, 0.01, 0.01, 0.01, 0.01, 0.01, 0.01, 0.01, 0.01, 0.01, 0.01, 
0.01, 0.01, 0, 0.06, 0.09, 0.14, 0, 0.01, 0.01, 0.03, 0, 0, 0, 
0), .Dim = c(41L, 250L), seed = c(403L, 408L, 423395327L, -891995489L, 
-52674018L, -388855720L, -235576999L, -1479498682L, 983855091L, 
-953634361L, -1338507573L, 1720028763L, 675095752L, -832767434L, 
445395629L, 184296701L, -1308082637L, -1628761797L, 602179274L, 
93745737L, 1444355442L, -586671199L, 1011273141L, 1444746447L, 
85870461L, 413764430L, 120951604L, -935356585L, -1382627928L, 
-585311426L, -583201271L, 2062724512L, -25829082L, 990203436L, 
1479142774L, 2024734002L, 1441568251L, -775154466L, -2025169427L, 
-1171440474L, -17680778L, -123124838L, 1534898461L, -2030750568L, 
1119272219L, 1145007577L, 691699408L, 442743938L, 265410493L, 
-1759079851L, -1738849796L, 421428404L, -826071652L, 29363094L, 
-876333715L, 538009271L, 137007737L, -478217102L, -1930074555L, 
1357926022L, -728758311L, 1974896182L, -411671454L, 969142158L, 
779182214L, 1313636885L, -560364066L, -1634377689L, -356089411L, 
1759853267L, -858183560L, 1401065045L, -1017271787L, -215525087L, 
1093773222L, 118979064L, 1356058777L, -988055030L, 259157590L, 
1574335121L, -1869409501L, 794554959L, -1602828402L, -1657508848L, 
2079706382L, 1526498135L, 1397536996L, -1601792308L, 1524163280L, 
-428440304L, -1380910297L, -2140548755L, -674628058L, 379907565L, 
-1805031460L, 908357379L, -2128147680L, -1603788659L, -1401283922L, 
953897897L, 929171371L, -232065636L, 1369564811L, -1932503801L, 
-81569168L, -902479290L, -687447589L, 536230643L, 183901843L, 
-1759246902L, 1591137737L, -364329983L, 328605548L, -1679007719L, 
-1080885539L, 47621996L, -430606358L, 797584784L, -970888129L, 
1734636104L, -770747902L, 461659236L, 1454167989L, 550023997L, 
1123147215L, -1752799730L, -2125000796L, 636442196L, 1478911180L, 
-225127704L, -1545539046L, 1085006303L, -830255541L, -1326581843L, 
-772961471L, 1406421364L, 596014757L, -967095084L, 1121155200L, 
-1106744592L, 1930860175L, 1715204410L, 781368108L, 1994450654L, 
1017608245L, -152609439L, -833483738L, -1714228358L, 930244290L, 
1708825301L, 1139072351L, -1491491897L, -1281870590L, -91536980L, 
-2038740604L, 1063106038L, -1863367287L, -452853331L, 1728099002L, 
-1167407076L, -639582309L, -1479068810L, -1718938328L, 891048569L, 
1426963414L, 1342615758L, -785454509L, 1589443438L, 316924532L, 
-1689989425L, 752340443L, 1461424662L, -2072438736L, -69461284L, 
1082109213L, 1449316449L, -857641030L, -115627803L, -1291890685L, 
959611531L, -150998677L, -1100217L, 952666922L, 1377670045L, 
1915215331L, -816135096L, 779662656L, -108514402L, 1507064425L, 
-678206350L, 645155426L, -888832730L, 269233900L, 1337262955L, 
873966319L, 1752365527L, 171247601L, 221960473L, -822101092L, 
-437840961L, -1573249150L, -1117979633L, 1260516478L, -1386128417L, 
-847376063L, 894917101L, -274126193L, 1539463574L, 1786730929L, 
-1940403468L, -1506586772L, -290747576L, -902288437L, -82074666L, 
-1067078846L, 1493863922L, -1175423654L, -960523318L, -327038087L, 
958822575L, -352790875L, -2026224468L, 885183715L, 460875206L, 
1962184085L, 1937234284L, 1413948187L, -1644619329L, -977514035L, 
2140314096L, -669215002L, 1023821653L, -1130910119L, 2054548364L, 
-476556670L, -894551981L, 756183524L, -291301718L, 1573182406L, 
2117182586L, -1784024984L, -1760585225L, -1900607924L, 1333208337L, 
-1803869797L, -1939695164L, -268625812L, -1049617229L, -536775339L, 
-1520890806L, -789611835L, -137581477L, -899222693L, -1199133676L, 
235166835L, -567799970L, -1811131216L, -1961716770L, 610348390L, 
368047608L, 1888148992L, 1310424373L, -31085998L, -1684496752L, 
-889802556L, 413853938L, 2020818752L, -1032591739L, -597837177L, 
-2073139917L, 441571347L, -1331730680L, -670578249L, -355628985L, 
-1449816570L, 1645446112L, -655799119L, -45776860L, 1279549678L, 
1750257361L, 1307318523L, -522274029L, -2111923061L, 1391396100L, 
1011085061L, -2097073478L, -438801430L, -624511683L, 433221154L, 
-970926476L, 1508753253L, -854821116L, 95967344L, -304111512L, 
-1751273931L, -903982715L, 1926917991L, 359554991L, 835995484L, 
-46226129L, 1079181450L, 9499040L, 1184367898L, -96389965L, 81593005L, 
1998552868L, -923733030L, -506362032L, -291671074L, 1385718616L, 
222512267L, -807312664L, -499168497L, -117296936L, 593953554L, 
507862172L, -977491142L, 120218978L, -251809414L, -467721670L, 
-771922591L, -1690947061L, 1512916505L, 667238765L, -1168011457L, 
860579779L, -622851112L, 469334690L, 314859557L, 34086679L, -1040474758L, 
-1443130159L, -3886856L, 1384898592L, 1383638935L, 471271258L, 
109708870L, 2085152923L, -401317280L, 725169446L, -873779151L, 
-507806225L, -1660932839L, 970091238L, 1352336127L, 811377770L, 
-1339849238L, 1117994330L, -712180924L, -1786900466L, -1684506456L, 
335119429L, 1222168905L, -1001043494L, 953561043L, 236273056L, 
2128093609L, -971624400L, 868544045L, 847818256L, 1585507600L, 
-878916324L, -1520114546L, 528611814L, 1071313661L, 460449103L, 
2011498684L, 767320510L, 1758989319L, 1034554652L, -214080996L, 
-830012825L, -1777195027L, -2043976915L, 1706571476L, 236085175L, 
-868737298L, -472578328L, 1815909887L, 2046583723L, 177427058L, 
1715575458L, -376513842L, -1060876843L, 857275484L, -1749467702L, 
-1908989144L, 1997451206L, 1963777865L, 425761443L, 535596529L, 
-2052594553L, 455391687L, -1674084598L, -985053140L, 471003730L, 
1409631263L, -119729688L, -2012905196L, 1191497673L, 19449613L, 
-883183668L, -62669110L, -1391545136L, -1247197339L, 258486235L, 
1841289261L, 410350849L, 555418548L, -999250043L, -1258557002L, 
-1233446027L, 48734037L, 1416955840L, -925009249L, -1678253411L, 
461064335L, 788883451L, -579575946L, 106823792L, -1153099183L, 
501629988L, -404315333L, -915146970L, -598824804L, 2064628742L, 
1892866278L, 1555042183L, 1048288340L, -373033075L, 1792229548L, 
1751833114L, 346900703L, 312667559L, 171973700L, -1546787919L, 
107236980L, -1354635099L, -1400174515L, 938390894L, 371828427L, 
-517007611L, -911267074L, -2003721776L, -781343241L, -680155933L, 
-408299886L, 261441405L, 321469775L, -409101945L, 1031633353L, 
897867806L, -155898788L, -1125817303L, -1730786493L, -473024010L, 
-2061535164L, 1225838616L, -252877343L, 296583679L, -1128906585L, 
-2030060877L, -662521247L, -838405603L, -716994142L, 1955254022L, 
1893810813L, -1787969664L, 938759559L, -1546716942L, 1289586058L, 
458694783L, 634253199L, 815238478L, 753869453L, 454970204L, -1430512740L, 
-393850113L, -1171710192L, -1738756676L, 1587593375L, 916882622L, 
-2048652412L, -889490850L, 1384880006L, -861506228L, 1540043937L, 
744860556L, 95175413L, -1272910439L, 1037672305L, -187460783L, 
-116690517L, -1190667759L, 435605343L, 1558851448L, 1549189404L, 
-716875517L, -1864250393L, 1895246756L, -1318897331L, -2030762675L, 
-566607881L, 631557080L, -343736718L, -1370559839L, 426258116L, 
-982034799L, -1195765073L, 64081290L, 172655913L, -1509609112L, 
1016507021L, 1639777850L, -2144197915L, -1063032308L, -179640047L, 
-14915919L, -290320684L, -709383261L, -336636206L, -542258608L, 
378205123L, -955267845L, 884539120L, 1309433657L, 1289912533L, 
-1427318349L, -1905693697L, 2062273322L, -1377259500L, 862692368L, 
-426044639L, 1389849026L, -605280545L, 531396052L, -1540985279L, 
1547030103L, 1635838165L, -1357143784L, 1537998009L, -2048583122L, 
1950900446L, 1740477222L, 379748623L, 1635784603L, 1741165881L, 
-1570548307L, 2126589869L, 1327914140L, 2050822710L, 1408490256L, 
-2082396153L, 433281100L, 487517040L, 299202333L, 1341836766L, 
950409359L, -1051478065L, 610556561L, 1423143523L, 1874452708L, 
1332771605L, -2027507323L, -1964565138L, 1474007424L, 2056391963L, 
-1883873655L, 1576178611L, -347247849L, -872464272L, -1217028238L, 
-1141436679L, -1888175957L, 265467891L, -1427655050L, 1093643322L, 
164420897L, 2004494544L, -59777621L, 1211855713L, 488501103L, 
-1303430937L, 1259249084L, 882361054L, 853178614L, -1463595752L, 
521836157L, -527122130L, -293268919L, -2021634165L, -63097049L, 
1862185163L, -784293722L, 1628976056L, 1369030765L, -129103444L, 
86558811L, 557641402L, 2056359279L, -359704248L, -352730045L, 
-937485379L, -1107846588L, 1699969070L, -1992237526L, 317317218L, 
-1563238818L, -418182313L, 622374223L, 1217868805L, -1824185313L, 
-1200746648L, 1621017765L, -1117791034L, -521739272L, -961329516L, 
382209819L, 431821088L, -2029157749L, 1315636602L, -1666857080L, 
-492827372L, 2073400187L, 523487793L, 496176692L))
